,Argk,LOC100642226,LOC100642278,LOC100642442,LOC100642761,LOC100642962,LOC100643149,LOC100643245,LOC100643324,"LOC100643448,LOC100643573","LOC100643490,LOC100643615",LOC100643909,LOC100643917,"LOC100644207,LOC100644326",LOC100644380,LOC100644460,"LOC100644679,LOC100644803",LOC100645107,LOC100645172,LOC100645186,LOC100645260,LOC100645357,"LOC100645422,LOC100647236",LOC100645532,LOC100645607,LOC100645621,LOC100645715,LOC100645755,LOC100645982,LOC100646287,LOC100646701,LOC100646745,LOC100647066,LOC100647082,LOC100647122,LOC100647219,LOC100647457,LOC100647462,LOC100647571,LOC100647719,LOC100647775,LOC100648104,LOC100648166,LOC100648246,LOC100648328,LOC100648613,LOC100648687,LOC100648726,LOC100648977,LOC100649060,LOC100649206,LOC100649548,LOC100649595,LOC100649617,"LOC100649684,LOC100649799",LOC100649746,LOC100649821,LOC100649867,LOC100649872,LOC100649912,LOC100650166,LOC100650271,LOC100650314,LOC100650504,LOC100650592,LOC100650715,LOC100651143,"LOC100651232,LOC100651471",LOC100651366,LOC100651655,LOC100651720,LOC100651862,"LOC100652140,LOC100652258",LOC100652148,VSP,NC_015762.1_411,NC_015777.1_18125,NC_015768.1_8751,NW_003565985.1_26226,NC_015762.1_1265,NC_015777.1_17856,NW_003566384.1_33820,NC_015767.1_7711,NC_015763.1_1766,NC_015773.1_14613,NC_015776.1_17233,NC_015771.1_11678,bte-mir-2788_MI0016140,rna8556_UTR3_UTR3,rna2029_UTR3_UTR3,rna9124_UTR3_UTR3,rna8557_UTR5_UTR5,rna17637_UTR5_UTR5,rnd-5_family-1739_1_3446_TE,rnd-5_family-825_1_322_TE,rnd-5_family-1522_1806_5325_TE,Gypsy-19_RP-I_1033_3957_TE,rnd-6_family-1476_1957_4172_TE,rnd-6_family-818_1_1483_TE,rnd-6_family-1476_43_1685_TE
Argk,0.861946757,-0.86599515,-0.849943808,-0.896402277,-0.832945527,-0.168602278,0.869101672,-0.364926205,0.880215355,0.906963536,0.853807973,0.463232067,-0.186578902,0.297199223,-0.868757572,0.258093532,-0.072552095,0.860416191,0.87256429,0.489940594,-0.173216129,0.242411484,-0.087622188,0.053950572,0.227491115,0.878691578,0.871724388,0.897490622,-0.305788165,-0.129870598,0.866679415,0.079545206,0.880281465,-0.886076308,0.195577436,-0.119698736,0.42079527,0.91251575,0.089124818,0.883425822,-0.187056955,0.096030491,0.889842179,0.239413724,0.88466871,0.875094694,0.876365144,0.211670852,0.025871301,0.838855176,0.883806937,0.856655665,-0.327177176,0.83730195,0.906021347,0.891241368,0.019239168,-0.896230621,0.886934052,0.896376223,0.904912229,0.88846416,0.24179857,0.086711948,0.862471783,0.845445229,0.903746008,0.860291495,0.859681868,-0.875556457,0.868938686,0.863242691,0.869769638,0.088756422,-0.850686143,-0.24786895,-0.109290324,-0.363713946,-0.825159601,-0.437700346,-0.878446624,-0.695645596,-0.87961107,-0.29104382,-0.343232576,-0.492702295,0.211180021,-0.393270766,-0.203541625,-0.252950268,-0.38290741,-0.203541625,-0.545457228,0.848929273,0.895678045,0.813774789,-0.216837164,0.90596998,-0.210351692,0.843769291
LOC100642226,-0.86599515,0.870073617,0.853370486,0.90045933,0.836385066,0.167175892,-0.872697918,0.364521174,-0.883915658,-0.911501185,-0.857411383,-0.467569855,0.184994947,-0.30097118,0.872520049,-0.256984982,0.070857138,-0.864254958,-0.877110321,-0.494674345,0.171872814,-0.246275754,0.089992399,-0.056383745,-0.23063337,-0.882991913,-0.875589501,-0.901353756,0.304901397,0.132749712,-0.87018151,-0.082236611,-0.884347898,0.889940136,-0.198542401,0.122466266,-0.420347274,-0.916664622,-0.091388337,-0.887181434,0.185995744,-0.098671682,-0.893999349,-0.242933343,-0.888571091,-0.879326101,-0.880695407,-0.214995165,-0.028390982,-0.841981507,-0.887784471,-0.860344978,0.326504996,-0.841296542,-0.910165323,-0.895253586,-0.021663694,0.900446851,-0.890647941,-0.900547976,-0.909387451,-0.892391432,-0.245245878,-0.089172991,-0.866160375,-0.849272454,-0.907945319,-0.864420865,-0.863311216,0.879832597,-0.872959452,-0.86656358,-0.873486073,-0.091616733,0.853935468,0.24813135,0.107365605,0.362849311,0.828754007,0.437568961,0.882233771,0.69959169,0.883534767,0.294076626,0.342040677,0.493009891,-0.214777781,0.392502376,0.207021972,0.256619184,0.387369789,0.207021972,0.550238402,-0.853378904,-0.899765635,-0.817866456,0.215803155,-0.909952062,0.208923472,-0.847424941
LOC100642278,-0.849943808,0.853370486,0.867005024,0.891748734,0.845505172,0.279640406,-0.881828025,0.468156797,-0.890136213,-0.88013302,-0.862709475,-0.346267902,0.309736485,-0.171609031,0.872909257,-0.373124001,0.175596444,-0.858782018,-0.837525951,-0.358777148,0.281051557,-0.099712604,-0.013714126,0.058218871,-0.118323388,-0.857597579,-0.871300913,-0.902995237,0.420268475,0.012076406,-0.883670416,0.040035406,-0.871502754,0.888964125,-0.088254535,0.005307767,-0.538856704,-0.906813001,0.006418193,-0.891245631,0.283602894,0.017255341,-0.878587676,-0.11365354,-0.885267609,-0.856710425,-0.853215261,-0.089619569,0.097070014,-0.868760728,-0.88036955,-0.861810291,0.435526059,-0.822475595,-0.899100109,-0.887712435,0.100338166,0.883402023,-0.89767989,-0.885853976,-0.8808087,-0.888649125,-0.120273889,0.01947302,-0.868978557,-0.8410153,-0.893481803,-0.843775106,-0.868585939,0.854990132,-0.859929046,-0.888718728,-0.876503629,0.037374617,0.876980524,0.290511822,0.232387155,0.490162833,0.828042531,0.543401489,0.883528544,0.651262763,0.877976601,0.201842897,0.481777476,0.588403791,-0.075040709,0.521484321,0.071676369,0.122620142,0.241409545,0.071676369,0.424424777,-0.813473315,-0.889299829,-0.78866589,0.318727446,-0.907312289,0.330925198,-0.847730338
LOC100642442,-0.896402277,0.90045933,0.891748734,0.934356331,0.872787196,0.206062222,-0.91057023,0.408859387,-0.921409995,-0.939371096,-0.893571192,-0.451807374,0.228108853,-0.276174008,0.907887898,-0.30055011,0.103644344,-0.897614017,-0.901243202,-0.475837237,0.210010192,-0.214354132,0.063999841,-0.025920122,-0.207865803,-0.911416549,-0.909744934,-0.938244488,0.35018218,0.103637476,-0.909197448,-0.050626498,-0.916412631,0.92562185,-0.175055826,0.093942678,-0.471190747,-0.950890453,-0.067137815,-0.924191663,0.221397795,-0.06953844,-0.925720818,-0.215814513,-0.923532527,-0.908396473,-0.90843133,-0.187862846,0.006306008,-0.883654987,-0.921539483,-0.895528302,0.370845678,-0.869914375,-0.943781808,-0.929274345,0.012316856,0.931962258,-0.928646131,-0.9327391,-0.937968886,-0.927381867,-0.219451235,-0.061736112,-0.901965202,-0.881230653,-0.940501204,-0.893451753,-0.899702748,0.908287241,-0.904511073,-0.907909271,-0.909643876,-0.058465937,0.89502513,0.270265904,0.147422676,0.413884744,0.8620389,0.485486534,0.91825285,0.714053106,0.917648532,0.27960845,0.395784609,0.540185396,-0.183533604,0.445212694,0.176719042,0.228705083,0.361321722,0.176719042,0.536527394,-0.876461077,-0.933133142,-0.842572072,0.253928766,-0.945967078,0.252221513,-0.881754806
LOC100642761,-0.832945527,0.836385066,0.845505172,0.872787196,0.82511748,0.257723398,-0.860617412,0.443200057,-0.869141073,-0.864575476,-0.842462553,-0.355253621,0.285436676,-0.185662584,0.853112214,-0.348583184,0.15710369,-0.840117235,-0.82407118,-0.369503441,0.259558176,-0.117777048,0.000974058,0.04101345,-0.131217998,-0.841721512,-0.852188783,-0.882344106,0.394768388,0.028533567,-0.861813824,0.022177956,-0.853572351,0.868993236,-0.101548882,0.02143072,-0.51023878,-0.88766894,-0.007286992,-0.870524359,0.263656109,0.000792798,-0.860852856,-0.129006489,-0.86570301,-0.840469187,-0.837727492,-0.104974823,0.077480456,-0.845398771,-0.861485748,-0.842115088,0.410560702,-0.806482559,-0.880298749,-0.868680056,0.081154269,0.865784737,-0.876401638,-0.86785531,-0.864849146,-0.869068883,-0.134879861,0.003969768,-0.848933662,-0.823138364,-0.87527866,-0.827553321,-0.848209345,0.839096528,-0.842286096,-0.865546456,-0.856260893,0.01864577,0.853950364,0.27806547,0.209797978,0.461425635,0.809412865,0.516438315,0.86336577,0.643233168,0.858889499,0.210065103,0.451507557,0.561869999,-0.092716795,0.491807396,0.088819709,0.138424569,0.256185561,0.088819709,0.432268282,-0.800607091,-0.870637024,-0.774876591,0.297249053,-0.887157075,0.306526002,-0.828514401
LOC100642962,-0.168602278,0.167175892,0.279640406,0.206062222,0.257723398,0.477883043,-0.267425485,0.496377301,-0.25919846,-0.121687245,-0.248590356,0.343021094,0.529935895,0.418417042,0.233694135,-0.515943068,0.422480844,-0.208904207,-0.080873126,0.392052446,0.466470905,0.499258484,-0.375695767,0.426628958,0.371422882,-0.137121195,-0.21648458,-0.246193108,0.525719786,-0.429700581,-0.283552929,0.449303894,-0.185841728,0.233068933,0.372170455,-0.418892509,-0.568551539,-0.205977696,0.352588005,-0.251757785,0.425636886,0.420479076,-0.178519764,0.433544687,-0.22373544,-0.146853513,-0.128472146,0.425934285,0.475922328,-0.327264057,-0.207682224,-0.234601008,0.507013851,-0.151356526,-0.199571393,-0.209183462,0.464382423,0.173942026,-0.264116847,-0.18302811,-0.131874049,-0.223061045,0.416328643,0.394948681,-0.241362024,-0.194187802,-0.185884877,-0.150478236,-0.250070358,0.138407127,-0.182097116,-0.315986444,-0.244079841,0.472701351,0.316055222,0.229350295,0.5103563,0.587177765,0.21780555,0.524282727,0.239768839,-6.61E-05,0.213706504,-0.277173372,0.629514651,0.498810221,0.481335653,0.601498464,-0.466476618,-0.448088729,-0.459387296,-0.466476618,-0.338407634,-0.073319893,-0.199113721,-0.105122331,0.454059392,-0.231983003,0.525745568,-0.226692874
LOC100643149,0.869101672,-0.872697918,-0.881828025,-0.91057023,-0.860617412,-0.267425485,0.897649533,-0.461019687,0.906577903,0.902290592,0.8787595,0.372121758,-0.296179717,0.195312446,-0.889930921,0.362160663,-0.162560336,0.876449161,0.860141878,0.38717123,-0.269381012,0.124714235,-0.0023276,-0.041334457,0.138302175,0.878374617,0.889026787,0.920408737,-0.410349161,-0.03129125,0.898842463,-0.021588961,0.890578283,-0.906514694,0.107326852,-0.023837368,0.530763964,0.926108757,0.008838412,0.908048167,-0.273802164,0.000639023,0.8982055,0.136209813,0.903111883,0.877033096,0.874234576,0.111091474,-0.079238203,0.8815508,0.898764581,0.878445507,-0.426903386,0.841531485,0.918435787,0.90627102,-0.083114336,-0.903370913,0.9141416,0.905501132,0.902540799,0.906628589,0.142282224,-0.002767155,0.885541288,0.858772626,0.913241987,0.86353482,0.884754641,-0.875629349,0.878807213,0.902626615,0.89318227,-0.017819338,-0.890518737,-0.289531899,-0.217272619,-0.479732516,-0.844359258,-0.53739141,-0.900615607,-0.671608783,-0.896032787,-0.220298737,-0.469229227,-0.58491611,0.09848596,-0.511404571,-0.094365125,-0.146094094,-0.269089371,-0.094365125,-0.452517725,0.83566905,0.908349444,0.808692544,-0.308777868,0.925483595,-0.318213989,0.86427243
LOC100643245,-0.364926205,0.364521174,0.468156797,0.408859387,0.443200057,0.496377301,-0.461019687,0.560478691,-0.455789411,-0.330757868,-0.43941009,0.218108025,0.550352806,0.329400471,0.428716316,-0.553900807,0.420736303,-0.403062745,-0.28363391,0.258628264,0.48656709,0.419582965,-0.338160157,0.394778293,0.300996561,-0.338814295,-0.412978545,-0.447451965,0.574520821,-0.379755807,-0.475852567,0.410384937,-0.385730786,0.432215331,0.309258931,-0.371837217,-0.642637565,-0.412589815,0.315730987,-0.449441023,0.450833901,0.378950822,-0.380997764,0.357518676,-0.422966555,-0.347260385,-0.330002012,0.35681058,0.448507279,-0.511026755,-0.40742784,-0.426720257,0.561710861,-0.342623134,-0.404934111,-0.4106203,0.439052383,0.378135864,-0.462076828,-0.386849813,-0.34000367,-0.42322004,0.340508927,0.356766857,-0.434554373,-0.385463907,-0.391321857,-0.34722165,-0.442213164,0.339301164,-0.37947093,-0.506021932,-0.43887667,0.430556791,0.503117748,0.277713787,0.513368978,0.646929411,0.403226867,0.604348038,0.436810859,0.164471512,0.412190143,-0.195932869,0.682527591,0.593024446,0.409849012,0.667600107,-0.397461509,-0.368210246,-0.348265675,-0.397461509,-0.194253043,-0.270828486,-0.402050512,-0.292893104,0.485028233,-0.43588326,0.551972741,-0.416118091
LOC100643324,0.880215355,-0.883915658,-0.890136213,-0.921409995,-0.869141073,-0.25919846,0.906577903,-0.455789411,0.915892722,0.915287342,0.887861068,0.388231969,-0.287049793,0.210285235,-0.89964185,0.354606978,-0.153950833,0.886593934,0.873491941,0.404894201,-0.261501368,0.140619977,-0.012641059,-0.030418412,0.150958774,0.890516738,0.899191861,0.930329335,-0.403399979,-0.043605167,0.907351498,-0.009695771,0.901609188,-0.916542739,0.119443505,-0.035720946,0.524822243,0.937231946,0.018637905,0.917593009,-0.267118888,0.012146289,0.90957457,0.15052694,0.91333354,0.88888487,0.88653826,0.124746113,-0.067660227,0.888551964,0.909346478,0.887923857,-0.420765103,0.852617878,0.929595307,0.916947674,-0.071921981,-0.914958586,0.92345879,0.916878933,0.915263573,0.916932306,0.156238531,0.0079805,0.894963167,0.868999947,0.924681728,0.875043294,0.893924207,-0.887686647,0.889727539,0.910317393,0.90266808,-0.005218275,-0.897988586,-0.28849958,-0.207250459,-0.472358337,-0.853680123,-0.532779877,-0.910353758,-0.683760876,-0.90640056,-0.231862024,-0.460507558,-0.581860769,0.113427197,-0.50421186,-0.108825571,-0.160987669,-0.28651699,-0.108825571,-0.469956275,0.84878287,0.919339002,0.820448859,-0.30195029,0.935884501,-0.309597255,0.873710575
LOC100643448,0.906963536,-0.911501185,-0.88013302,-0.939371096,-0.864575476,-0.121687245,0.902290592,-0.330757868,0.915287342,0.961309961,0.888182434,0.541734209,-0.134523921,0.372405236,-0.906144674,0.213278001,-0.025206295,0.900268042,0.929383076,0.576632735,-0.128084373,0.323538654,-0.141397902,0.111521807,0.291463129,0.928935858,0.911494479,0.93551687,-0.263407549,-0.193651495,0.897662653,0.141920045,0.924545871,-0.924870491,0.2571945,-0.181345571,0.381874239,0.956731462,0.140121759,0.919676017,-0.148101273,0.156060085,0.935757148,0.312080761,0.924523842,0.923844108,0.927514153,0.281256175,0.087461757,0.862229129,0.925606487,0.893000669,-0.288780402,0.882587749,0.950541114,0.933423306,0.078875492,-0.943209068,0.921905542,0.942227882,0.957825452,0.92869496,0.312492413,0.142829099,0.898416266,0.885991544,0.949805327,0.907451165,0.894321645,-0.925399142,0.912801799,0.889900207,0.905933664,0.154768337,-0.876371645,-0.2381624,-0.053757565,-0.318080565,-0.861191567,-0.405620674,-0.91581631,-0.749027286,-0.920334198,-0.348087915,-0.290725403,-0.468032876,0.287666265,-0.348111578,-0.277580837,-0.328477422,-0.469820582,-0.277580837,-0.629690297,0.904880644,0.939461542,0.863045931,-0.176606676,0.94642651,-0.160645484,0.880116019
LOC100643490,0.853807973,-0.857411383,-0.862709475,-0.893571192,-0.842462553,-0.248590356,0.8787595,-0.43941009,0.887861068,0.888182434,0.860705037,0.37934474,-0.275297177,0.207009779,-0.872245813,0.341005683,-0.146733323,0.859736754,0.847857898,0.395852434,-0.250902558,0.139880907,-0.014762271,-0.026723096,0.149077259,0.864021534,0.87192256,0.901968858,-0.388331995,-0.045193775,0.879404217,-0.006445959,0.874473064,-0.8886652,0.118472505,-0.037464629,0.505982025,0.908939068,0.020433992,0.889561704,-0.256628695,0.014577867,0.882257986,0.14906864,0.885609936,0.862372198,0.86021457,0.123978281,-0.062568819,0.860855818,0.881843599,0.860858532,-0.405321844,0.827117537,0.901564227,0.889216452,-0.066784426,-0.887517568,0.895177206,0.88932265,0.888091983,0.889109754,0.154502263,0.010362948,0.867650862,0.842745637,0.896882344,0.848904381,0.866584168,-0.86126426,0.862957591,0.882070409,0.875116407,-0.001942396,-0.870095408,-0.278693053,-0.197920304,-0.454902462,-0.827709837,-0.514003747,-0.882609749,-0.664113879,-0.878942492,-0.22703254,-0.443112237,-0.561842779,0.113350971,-0.485745993,-0.108783309,-0.159324964,-0.281321996,-0.108783309,-0.458690242,0.823908775,0.891605657,0.796178617,-0.290271283,0.90745837,-0.297224463,0.847105956
LOC100643909,0.463232067,-0.467569855,-0.346267902,-0.451807374,-0.355253621,0.343021094,0.372121758,0.218108025,0.388231969,0.541734209,0.37934474,0.671599325,0.380666892,0.624200624,-0.404748031,-0.314960451,0.358954308,0.422836773,0.556469072,0.738834368,0.328538834,0.663104386,-0.429973575,0.455100926,0.527644189,0.506107118,0.42368167,0.413485558,0.289764156,-0.513370304,0.354639296,0.495836264,0.459778425,-0.417966755,0.505137229,-0.49543015,-0.247776868,0.463621597,0.408545252,0.397821608,0.278662121,0.479744235,0.473875824,0.596872776,0.426038956,0.494002552,0.512843232,0.569256248,0.482701653,0.291777372,0.441058046,0.395053021,0.255959282,0.462097617,0.465137183,0.445007673,0.4666254,-0.482988863,0.388329908,0.474238974,0.530311968,0.429459643,0.581829232,0.448076015,0.392697866,0.426280351,0.476820346,0.479691799,0.382178877,-0.502571156,0.455169762,0.320525251,0.395362297,0.525347441,-0.311316091,0.043072458,0.417855304,0.307490778,-0.388491448,0.192321371,-0.405881592,-0.506547475,-0.432131472,-0.482053601,0.363667106,0.127448568,0.622896722,0.299929058,-0.602852789,-0.620903997,-0.726535042,-0.602852789,-0.726968932,0.546622858,0.458052547,0.490030953,0.284682311,0.433509285,0.359274317,0.393378548
LOC100643917,-0.186578902,0.184994947,0.309736485,0.228108853,0.285436676,0.529935895,-0.296179717,0.550352806,-0.287049793,-0.134523921,-0.275297177,0.380666892,0.587658732,0.464207806,0.258768628,-0.572104769,0.468536084,-0.231278291,-0.089273847,0.435060215,0.517276524,0.553842102,-0.416724495,0.473197929,0.412053122,-0.151655307,-0.23968017,-0.272617271,0.582925002,-0.476641375,-0.314067748,0.498358956,-0.205690213,0.258066843,0.412866813,-0.464649281,-0.63037383,-0.228007311,0.39109653,-0.278795827,0.471981042,0.466397484,-0.197564838,0.480957841,-0.247715798,-0.162451107,-0.142063819,0.472503766,0.527855352,-0.362560979,-0.229911681,-0.25978029,0.562168006,-0.167463655,-0.220905257,-0.2315731,0.515053298,0.192484604,-0.292501498,-0.202561859,-0.145823042,-0.246965994,0.461864776,0.438077356,-0.267276082,-0.214963649,-0.205726718,-0.166478428,-0.276935797,0.153083044,-0.201542571,-0.350041243,-0.270286868,0.524313403,0.350123598,0.254251247,0.565980497,0.651059688,0.241167776,0.581267356,0.265501362,-0.000409805,0.236595207,-0.307552252,0.698025202,0.552989333,0.533948881,0.666928398,-0.517465113,-0.497095106,-0.509689151,-0.517465113,-0.375589904,-0.08090803,-0.220402659,-0.116196945,0.503489882,-0.25685282,0.582999763,-0.251015656
LOC100644207,0.297199223,-0.30097118,-0.171609031,-0.276174008,-0.185662584,0.418417042,0.195312446,0.329400471,0.210285235,0.372405236,0.207009779,0.624200624,0.464207806,0.612924358,-0.231252499,-0.409577581,0.41231646,0.253182033,0.397054413,0.691524858,0.40363556,0.669146399,-0.450991281,0.486882681,0.523946677,0.340201679,0.251330805,0.233791746,0.393611638,-0.532256836,0.176695085,0.525358207,0.288896768,-0.241522305,0.507057018,-0.515041469,-0.375739375,0.285196577,0.42707271,0.220034823,0.3522246,0.503621099,0.302039273,0.597096399,0.250739466,0.327783236,0.348176379,0.573566194,0.524117565,0.114451063,0.267456913,0.22357278,0.361718706,0.302010609,0.288458605,0.269969944,0.508080453,-0.310483889,0.208741296,0.300832186,0.360356722,0.25356573,0.57997768,0.471109166,0.21955482,0.260646561,0.301857429,0.315694953,0.208680521,-0.337086411,0.286620213,0.140049399,0.220689025,0.555525985,-0.133015376,0.108266024,0.486078088,0.427331912,-0.224104048,0.318950714,-0.230116518,-0.385681474,-0.258678246,-0.458221399,0.484033634,0.261177534,0.632636403,0.426287344,-0.612486266,-0.620178602,-0.704318803,-0.612486266,-0.664838091,0.392043561,0.283215327,0.338492035,0.366161128,0.253712955,0.446541657,0.224900268
LOC100644380,-0.868757572,0.872520049,0.872909257,0.907887898,0.853112214,0.233694135,-0.889930921,0.428716316,-0.89964185,-0.906144674,-0.872245813,-0.404748031,0.258768628,-0.231252499,0.884759668,-0.326838275,0.131637776,-0.873033534,-0.866588797,-0.423892152,0.236579619,-0.165982206,0.032016876,0.008276195,-0.169682466,-0.880653714,-0.885200439,-0.914705538,0.374973884,0.065675294,-0.889868668,-0.013553625,-0.889193791,0.901640164,-0.138304103,0.057257119,-0.49380406,-0.92366488,-0.036800857,-0.901721356,0.244289845,-0.033837964,-0.89751272,-0.172462314,-0.898923309,-0.878523988,-0.877134608,-0.146368587,0.042854494,-0.868868849,-0.895778279,-0.873031349,0.393251546,-0.842137378,-0.91638312,-0.903278192,0.047699319,0.903116516,-0.906930153,-0.904561324,-0.905594544,-0.902545705,-0.177266402,-0.028365803,-0.879699312,-0.856254925,-0.912192155,-0.864538254,-0.878213562,0.877765994,-0.877542707,-0.891149213,-0.887239748,-0.019226294,0.878855297,0.27574758,0.180229965,0.440541182,0.839762353,0.504024607,0.895124244,0.681632146,0.892530225,0.245462804,0.426539468,0.554268822,-0.137948002,0.471555311,0.132592839,0.183642031,0.309363807,0.132592839,0.485979085,-0.842347112,-0.906182448,-0.812457965,0.277543814,-0.920977733,0.28146233,-0.859271065
LOC100644460,0.258093532,-0.256984982,-0.373124001,-0.30055011,-0.348583184,-0.515943068,0.362160663,-0.553900807,0.354606978,0.213278001,0.341005683,-0.314960451,-0.572104769,-0.409577581,-0.326838275,0.564244143,-0.448876889,0.300112371,0.167317617,-0.363725468,-0.504441013,-0.499347161,0.384747798,-0.441225796,-0.367019694,0.226745191,0.309114838,0.342638243,-0.578993404,0.437243071,0.378803611,-0.462522287,0.27786736,-0.327825786,-0.370826819,0.426899819,0.634705246,0.301989033,-0.360430004,0.347126848,-0.463032358,-0.430803138,0.27111335,-0.430881473,0.317927654,0.236586211,0.21747603,-0.425549137,-0.495458127,0.421896848,0.301051079,0.326639939,-0.561450645,0.237714993,0.294671164,0.303326365,-0.48401371,-0.266929659,0.360389446,0.27644933,0.223741008,0.317581862,-0.412643978,-0.404976494,0.334264614,0.283296996,0.280136645,0.238975244,0.343110833,-0.227793364,0.272874591,0.412409827,0.337799741,-0.486127622,-0.41129158,-0.263441346,-0.544294597,-0.648781434,-0.306083085,-0.58999356,-0.334112036,-0.065869278,-0.306955971,0.262391772,-0.691132949,-0.56855769,-0.483556627,-0.666565375,0.468735114,0.44481437,0.444316647,0.468735114,0.302339938,0.157175116,0.293211933,0.187114656,-0.495590799,0.328575354,-0.569974205,0.317144976
LOC100644679,-0.072552095,0.070857138,0.175596444,0.103644344,0.15710369,0.422480844,-0.162560336,0.420736303,-0.153950833,-0.025206295,-0.146733323,0.358954308,0.468536084,0.41231646,0.131637776,-0.448876889,0.380795135,-0.109683219,0.008969453,0.40649682,0.411568022,0.481281646,-0.353130734,0.396662157,0.362544068,-0.042065421,-0.115561669,-0.140368822,0.453301988,-0.406718922,-0.17759147,0.41991111,-0.086624831,0.129412925,0.360187588,-0.395830574,-0.481644479,-0.102030576,0.332067924,-0.146816429,0.372774985,0.39503013,-0.07899396,0.420690096,-0.120981744,-0.051339712,-0.034349955,0.411061106,0.439221864,-0.220357964,-0.106331816,-0.133623767,0.434096347,-0.059075158,-0.096770644,-0.107000736,0.427999374,0.074183905,-0.157823917,-0.082508352,-0.034750321,-0.120001006,0.405118242,0.370712414,-0.139273885,-0.097605203,-0.084427408,-0.056077413,-0.14753153,0.043544415,-0.084269766,-0.207683451,-0.141072284,0.442261192,0.208943662,0.186844589,0.457936229,0.504179742,0.121213238,0.439407187,0.136288834,-0.06638086,0.112260335,-0.282109875,0.544985048,0.410787313,0.461856319,0.514504055,-0.447491921,-0.435327731,-0.458086083,-0.447491921,-0.362559556,0.013647806,-0.097336728,-0.018888885,0.396019274,-0.126519776,0.4624242,-0.127594986
LOC100645107,0.860416191,-0.864254958,-0.858782018,-0.897614017,-0.840117235,-0.208904207,0.876449161,-0.403062745,0.886593934,0.900268042,0.859736754,0.422836773,-0.231278291,0.253182033,-0.873033534,0.300112371,-0.109683219,0.862593568,0.862819288,0.444546567,-0.212386047,0.192092098,-0.051616951,0.013958092,0.189130679,0.873959446,0.8743716,0.902343295,-0.347763136,-0.088107762,0.875546214,0.036981107,0.879964304,-0.889955309,0.157775131,-0.079121869,0.464421826,0.913403526,0.055198875,0.889062364,-0.222228766,0.05577336,0.888669181,0.195150131,0.887723575,0.871321315,0.870889371,0.16864627,-0.018068531,0.85225709,0.885413719,0.861251905,-0.367025277,0.83468125,0.906451953,0.892839239,-0.023517381,-0.894514482,0.893629612,0.895486411,0.89918663,0.891382989,0.199059286,0.04896758,0.867570875,0.846573433,0.902972258,0.857139439,0.865630428,-0.871003209,0.868502415,0.875136783,0.874973523,0.043876317,-0.862832953,-0.263934369,-0.153719808,-0.410160615,-0.828841267,-0.476955199,-0.883086794,-0.681986479,-0.88184997,-0.260037158,-0.393944833,-0.528553064,0.163109214,-0.440444226,-0.15697675,-0.20709373,-0.333469175,-0.15697675,-0.50386916,0.838958845,0.896269888,0.807396571,-0.254018295,0.909359437,-0.2542021,0.847896759
LOC100645172,0.87256429,-0.877110321,-0.837525951,-0.901243202,-0.82407118,-0.080873126,0.860141878,-0.28363391,0.873491941,0.929383076,0.847857898,0.556469072,-0.089273847,0.397054413,-0.866588797,0.167317617,0.008969453,0.862819288,0.90144041,0.594458389,-0.088029584,0.355746804,-0.167997315,0.142862558,0.31424926,0.896531147,0.873183138,0.894287302,-0.215509458,-0.223335433,0.854338736,0.174360102,0.888368906,-0.884930882,0.280833283,-0.210454982,0.32782838,0.918208451,0.164913365,0.878370656,-0.11082995,0.185880925,0.899902862,0.339329089,0.885334382,0.890783418,0.895830053,0.308612876,0.123278836,0.816249826,0.88766839,0.853676928,-0.241782356,0.850123969,0.912670768,0.895184908,0.113973755,-0.907546279,0.87956588,0.905865351,0.925169248,0.889462574,0.33836233,0.170926222,0.858429588,0.850043377,0.913040254,0.874481711,0.853737328,-0.892974047,0.877194414,0.844177112,0.865556883,0.188771375,-0.830956224,-0.214413589,-0.01193379,-0.264030318,-0.823939546,-0.354545062,-0.875553554,-0.731694926,-0.882039135,-0.362069393,-0.233942051,-0.417537989,0.319279667,-0.292227541,-0.308246213,-0.356502645,-0.49547253,-0.308246213,-0.642022429,0.878105705,0.901884043,0.834710657,-0.136415613,0.906074292,-0.115123959,0.841719308
LOC100645186,0.489940594,-0.494674345,-0.358777148,-0.475837237,-0.369503441,0.392052446,0.38717123,0.258628264,0.404894201,0.576632735,0.395852434,0.738834368,0.435060215,0.691524858,-0.423892152,-0.363725468,0.40649682,0.444546567,0.594458389,0.813513463,0.375925457,0.737282607,-0.480594692,0.510086752,0.585414693,0.537573038,0.445087188,0.432681167,0.337105846,-0.572894195,0.367589199,0.554990904,0.485390093,-0.438136884,0.561248742,-0.553078175,-0.294034834,0.488545436,0.456430795,0.41556729,0.320310023,0.536287765,0.500904715,0.662872839,0.447270106,0.524084367,0.545236316,0.632806797,0.5421589,0.297870836,0.464199617,0.413422876,0.299846813,0.489557724,0.490486112,0.468373875,0.524311653,-0.510926351,0.404760801,0.501076404,0.563855725,0.45098118,0.645860594,0.500995095,0.410562177,0.448963789,0.503713557,0.508519768,0.398828212,-0.533708326,0.480616042,0.329331433,0.413295389,0.587860534,-0.31942528,0.057448371,0.474099441,0.359150563,-0.407182244,0.2322537,-0.424816257,-0.544704995,-0.454308283,-0.531815685,0.421613055,0.161258212,0.69317652,0.351714337,-0.670901643,-0.689420047,-0.803555844,-0.670901643,-0.798150625,0.584237134,0.482890058,0.521839055,0.328163164,0.45490282,0.411852923,0.412006102
LOC100645260,-0.173216129,0.171872814,0.281051557,0.210010192,0.259558176,0.466470905,-0.269381012,0.48656709,-0.261501368,-0.128084373,-0.250902558,0.328538834,0.517276524,0.40363556,0.236579619,-0.504441013,0.411568022,-0.212386047,-0.088029584,0.375925457,0.455424325,0.482829268,-0.364353316,0.414239255,0.358692722,-0.142786716,-0.219878357,-0.249041999,0.51446065,-0.41640842,-0.285035978,0.436010983,-0.190175814,0.236158195,0.359763219,-0.406009029,-0.557345139,-0.210101501,0.341868983,-0.254301213,0.41586959,0.407806519,-0.183159459,0.418966663,-0.227067891,-0.152210921,-0.134352018,0.411865622,0.462470548,-0.327237624,-0.211449738,-0.237331088,0.496502781,-0.156182376,-0.203802594,-0.21298947,0.451321469,0.178777214,-0.266355957,-0.187613369,-0.137967127,-0.226453028,0.402201471,0.383083123,-0.243967586,-0.19791579,-0.190470414,-0.155575927,-0.252404839,0.144003298,-0.186412722,-0.316534751,-0.246688752,0.458661636,0.316466427,0.225670854,0.497406706,0.574841204,0.220661396,0.514483677,0.242590502,0.007425819,0.217262093,-0.266367699,0.615785707,0.490308444,0.465738801,0.589083755,-0.451373298,-0.432962386,-0.442548957,-0.451373298,-0.323167746,-0.080430939,-0.203246223,-0.110974595,0.443826026,-0.235316519,0.513458146,-0.229503097
LOC100645357,0.242411484,-0.246275754,-0.099712604,-0.214354132,-0.117777048,0.499258484,0.124714235,0.419582965,0.140619977,0.323538654,0.139880907,0.663104386,0.553842102,0.669146399,-0.165982206,-0.499347161,0.481281646,0.192092098,0.355746804,0.737282607,0.482829268,0.739903777,-0.507339525,0.552361026,0.575043281,0.289827826,0.188675933,0.165610911,0.486483331,-0.595734325,0.10363419,0.593572764,0.230791661,-0.175783682,0.559316044,-0.577148359,-0.479126494,0.222862601,0.479729581,0.151437263,0.425435181,0.566752764,0.244775297,0.657594246,0.18651804,0.27599313,0.299241916,0.633772581,0.598284499,0.03541126,0.205793964,0.158555665,0.452342115,0.250747773,0.227346948,0.207827031,0.580645575,-0.25373234,0.138080899,0.242643744,0.309951663,0.189326368,0.637683915,0.530521803,0.153281678,0.202366217,0.242977485,0.263818062,0.14112611,-0.28661249,0.229476592,0.0619889,0.153748636,0.627126894,-0.055355034,0.152528864,0.570096502,0.53178648,-0.162765115,0.415913622,-0.163571605,-0.362922175,-0.196203102,-0.492382427,0.594490849,0.355925838,0.701591088,0.533966554,-0.679348924,-0.682525771,-0.764193098,-0.679348924,-0.700323315,0.352700091,0.222514362,0.295286609,0.444826357,0.187494338,0.536293609,0.161551408
LOC100645422,-0.087622188,0.089992399,-0.013714126,0.063999841,0.000974058,-0.375695767,-0.0023276,-0.338160157,-0.012641059,-0.141397902,-0.014762271,-0.429973575,-0.416724495,-0.450991281,0.032016876,0.384747798,-0.353130734,-0.051616951,-0.167997315,-0.480594692,-0.364353316,-0.507339525,0.355768084,-0.391501949,-0.390371135,-0.120013242,-0.048026361,-0.028864182,-0.380294335,0.415044287,0.012577005,-0.418545587,-0.077430811,0.037320654,-0.382275054,0.402710254,0.386558857,-0.068495533,-0.335776957,-0.020091791,-0.324500692,-0.39761728,-0.086519042,-0.44849388,-0.045175622,-0.110433043,-0.127011767,-0.434162324,-0.427322279,0.058806654,-0.059113646,-0.027895733,-0.357909094,-0.096087826,-0.07237022,-0.059827889,-0.415313257,0.092313834,-0.010141694,-0.084331066,-0.131840467,-0.04681245,-0.433947003,-0.372518039,-0.023521746,-0.060503472,-0.083830683,-0.103170973,-0.0150671,0.118017621,-0.077625061,0.04215768,-0.023124316,-0.441732065,-0.045663552,-0.134501005,-0.420642033,-0.418666626,0.034083996,-0.342832684,0.029311497,0.190922789,0.052643181,0.324588847,-0.461668199,-0.305250391,-0.482945264,-0.423201827,0.46772947,0.465049821,0.51068246,0.46772947,0.448460176,-0.16818183,-0.069936435,-0.130455966,-0.34142604,-0.043737726,-0.406502027,-0.031342722
LOC100645532,0.053950572,-0.056383745,0.058218871,-0.025920122,0.04101345,0.426628958,-0.041334457,0.394778293,-0.030418412,0.111521807,-0.026723096,0.455100926,0.473197929,0.486882681,0.008276195,-0.441225796,0.396662157,0.013958092,0.142862558,0.510086752,0.414239255,0.552361026,-0.391501949,0.432971558,0.422942263,0.08915193,0.009390642,-0.013236976,0.438680096,-0.455334534,-0.057799207,0.461774561,0.041682054,0.003248976,0.415545156,-0.442122214,-0.451464328,0.030108944,0.369178099,-0.022288833,0.370587227,0.437650502,0.051313045,0.487023858,0.005563874,0.07867202,0.097058092,0.472476564,0.474254751,-0.107841429,0.021118903,-0.012250933,0.414848816,0.064617448,0.034749272,0.021538035,0.461225234,-0.057439131,-0.033539494,0.048547836,0.100989116,0.007193658,0.470714266,0.410188796,-0.017412646,0.024604444,0.047618493,0.071338303,-0.026680725,-0.087089477,0.042471503,-0.090545524,-0.018223778,0.487113001,0.093812556,0.162212116,0.473651512,0.484311796,0.003772258,0.403656338,0.011776671,-0.177317624,-0.014130054,-0.346521889,0.531132639,0.36461124,0.526791372,0.490852787,-0.51024393,-0.504764641,-0.548980609,-0.51024393,-0.471518763,0.144262428,0.032563495,0.10405445,0.390928368,0.002887079,0.463022944,-0.007763534
LOC100645607,0.227491115,-0.23063337,-0.118323388,-0.207865803,-0.131217998,0.371422882,0.138302175,0.300996561,0.150958774,0.291463129,0.149077259,0.527644189,0.412053122,0.523946677,-0.169682466,-0.367019694,0.362544068,0.189130679,0.31424926,0.585414693,0.358692722,0.575043281,-0.390371135,0.422942263,0.448868819,0.264402906,0.187096509,0.170835376,0.354849991,-0.459734206,0.122143057,0.455575575,0.219566461,-0.178004802,0.435308938,-0.44508549,-0.343507431,0.215144184,0.369440014,0.15934916,0.314334739,0.435993938,0.230683103,0.51227082,0.186101393,0.253697512,0.271449111,0.492760898,0.456479004,0.068847718,0.200723842,0.163427641,0.327806168,0.232602362,0.218231526,0.202642037,0.442727648,-0.23781694,0.149362636,0.229387793,0.281023404,0.188427631,0.497241788,0.407963193,0.15970564,0.196199535,0.230009877,0.243694968,0.150318073,-0.261799997,0.217999287,0.090286818,0.160425485,0.481564374,-0.084612364,0.103664321,0.428280843,0.386423754,-0.165056845,0.294569323,-0.168332463,-0.310870211,-0.193217317,-0.389153682,0.435153641,0.246181745,0.544334027,0.386605846,-0.527030166,-0.531915449,-0.600541735,-0.527030166,-0.560068747,0.310750542,0.214038087,0.26531305,0.327600215,0.187908314,0.397514284,0.165063105
LOC100645621,0.878691578,-0.882991913,-0.857597579,-0.911416549,-0.841721512,-0.137121195,0.878374617,-0.338814295,0.890516738,0.928935858,0.864021534,0.506107118,-0.151655307,0.340201679,-0.880653714,0.226745191,-0.042065421,0.873959446,0.896531147,0.537573038,-0.142786716,0.289827826,-0.120013242,0.08915193,0.264402906,0.898476921,0.885067937,0.909407587,-0.275331428,-0.167946933,0.874608389,0.117406296,0.896315873,-0.898622386,0.231439976,-0.156577686,0.390984099,0.928095889,0.119762814,0.894419909,-0.160297937,0.132211913,0.906780421,0.281592365,0.89789508,0.893994895,0.896745418,0.252292064,0.063948958,0.842403658,0.898257497,0.86806093,-0.298924139,0.854538666,0.921876549,0.905832681,0.056185125,-0.913748211,0.897084394,0.913189048,0.926017547,0.901874947,0.282715043,0.120575475,0.873550733,0.859618541,0.920591448,0.878394741,0.869983679,-0.895132528,0.884871945,0.868518632,0.88088956,0.128765055,-0.855520902,-0.238554767,-0.073213798,-0.330466502,-0.836783792,-0.411934255,-0.890204487,-0.719795081,-0.893445374,-0.322798481,-0.305966851,-0.470835148,0.256112231,-0.35993042,-0.247047914,-0.296734934,-0.432085262,-0.247047914,-0.590825723,0.872665879,0.911210008,0.83380681,-0.188891345,0.919291359,-0.176580552,0.855345093
LOC100645715,0.871724388,-0.875589501,-0.871300913,-0.909744934,-0.852188783,-0.21648458,0.889026787,-0.412978545,0.899191861,0.911494479,0.87192256,0.42368167,-0.23968017,0.251330805,-0.885200439,0.309114838,-0.115561669,0.8743716,0.873183138,0.445087188,-0.219878357,0.188675933,-0.048026361,0.009390642,0.187096509,0.885067937,0.886362767,0.91497016,-0.357396725,-0.084320078,0.88829238,0.032415425,0.891677785,-0.902301004,0.155388579,-0.07535516,0.475809615,0.925706789,0.051903281,0.90160505,-0.229377267,0.051732859,0.900397177,0.192494647,0.899941503,0.882508541,0.881868467,0.165784129,-0.023532887,0.865231332,0.897428669,0.873299547,-0.376663277,0.845516196,0.918608041,0.904952292,-0.028913846,-0.906255974,0.906359174,0.907339106,0.910513916,0.903633615,0.196637197,0.045134881,0.879762675,0.858012816,0.914938717,0.868211134,0.87789729,-0.882093485,0.880048674,0.888237331,0.887276636,0.039127414,-0.875799234,-0.269368663,-0.161053876,-0.421159014,-0.840347378,-0.487990703,-0.895431244,-0.689470194,-0.893892468,-0.259824017,-0.405233728,-0.539872974,0.159573292,-0.45193343,-0.153537942,-0.20440839,-0.332045723,-0.153537942,-0.505654394,0.848977263,0.908309168,0.817420502,-0.261830164,0.921906067,-0.262809191,0.859710332
LOC100645755,0.897490622,-0.901353756,-0.902995237,-0.938244488,-0.882344106,-0.246193108,0.920408737,-0.447451965,0.930329335,0.93551687,0.901968858,0.413485558,-0.272617271,0.233791746,-0.914705538,0.342638243,-0.140368822,0.902343295,0.894287302,0.432681167,-0.249041999,0.165610911,-0.028864182,-0.013236976,0.170835376,0.909407587,0.91497016,0.945715575,-0.392370672,-0.062968221,0.920522409,0.009018063,0.918749118,-0.932101313,0.138478125,-0.054408831,0.515349024,0.954508575,0.034050976,0.932391113,-0.256540422,0.030247742,0.927244636,0.173016149,0.929197488,0.907319307,0.905684243,0.146199176,-0.0494285,0.899355028,0.92577814,0.902624421,-0.411007442,0.869856789,0.946930917,0.933526607,-0.054295933,-0.932971295,0.93789733,0.934560995,0.935062061,0.9329245,0.1781587,0.024887852,0.909573207,0.884883376,0.942459379,0.892940918,0.908137531,-0.906444721,0.906696331,0.922200235,0.917376867,0.014608186,-0.909526783,-0.286806651,-0.19143321,-0.460643943,-0.868141081,-0.525397542,-0.925457717,-0.702716708,-0.922496046,-0.24999923,-0.446675988,-0.576915083,0.136907159,-0.492775374,-0.131550205,-0.184381306,-0.313867503,-0.131550205,-0.497280251,0.86921244,0.936409655,0.838749426,-0.29113649,0.952025085,-0.295966759,0.888351274
LOC100645982,-0.305788165,0.304901397,0.420268475,0.35018218,0.394768388,0.525719786,-0.410349161,0.574520821,-0.403399979,-0.263407549,-0.388331995,0.289764156,0.582925002,0.393611638,0.374973884,-0.578993404,0.453301988,-0.347763136,-0.215509458,0.337105846,0.51446065,0.486483331,-0.380294335,0.438680096,0.354849991,-0.275331428,-0.357396725,-0.392370672,0.596382231,-0.430514462,-0.426874769,0.458588176,-0.326590247,0.376915669,0.36041749,-0.420721188,-0.65847828,-0.352509466,0.355870457,-0.396089382,0.473774078,0.425931096,-0.320356023,0.418116856,-0.366930542,-0.284983913,-0.265925299,0.414306525,0.494510196,-0.468477814,-0.349990309,-0.374109198,0.579999989,-0.284033446,-0.344827074,-0.352677017,0.483419851,0.316519969,-0.409557841,-0.326056804,-0.273767696,-0.366793341,0.399730558,0.400592578,-0.382061355,-0.330107511,-0.330153338,-0.286560388,-0.390762502,0.276208034,-0.320968306,-0.460324107,-0.386001596,0.481709159,0.458513599,0.27733869,0.550833687,0.669425907,0.35179886,0.614654176,0.382787978,0.104224981,0.355669912,-0.2466232,0.710690711,0.596225333,0.472396783,0.68885392,-0.457981487,-0.431318014,-0.423666212,-0.457981487,-0.27260536,-0.204056199,-0.342797085,-0.232089406,0.508003087,-0.378761021,0.582100984,-0.363895768
LOC100646287,-0.129870598,0.132749712,0.012076406,0.103637476,0.028533567,-0.429700581,-0.03129125,-0.379755807,-0.043605167,-0.193651495,-0.045193775,-0.513370304,-0.476641375,-0.532256836,0.065675294,0.437243071,-0.406718922,-0.088107762,-0.223335433,-0.572894195,-0.41640842,-0.595734325,0.415044287,-0.455334534,-0.459734206,-0.167946933,-0.084320078,-0.062968221,-0.430514462,0.48510648,-0.013944399,-0.487506997,-0.11866701,0.072389593,-0.449304798,0.470482693,0.433988082,-0.109375942,-0.391933777,-0.052342553,-0.369783316,-0.463803704,-0.129510391,-0.527462342,-0.081443352,-0.156729821,-0.175978262,-0.50994629,-0.495908947,0.040528635,-0.097562359,-0.060502734,-0.403877175,-0.138867286,-0.113651136,-0.09863442,-0.481778151,0.136433913,-0.040930678,-0.127190575,-0.182511606,-0.083464511,-0.510688084,-0.434419354,-0.055626777,-0.097910332,-0.126853352,-0.147829583,-0.045740182,0.165531834,-0.118518857,0.020438224,-0.05540646,-0.51467186,-0.024912945,-0.147665705,-0.483722792,-0.473063357,0.06663564,-0.382774609,0.062859866,0.244073977,0.089928201,0.38561565,-0.523555038,-0.33742545,-0.566445735,-0.477344977,0.548566749,0.547087961,0.604229672,0.548566749,0.537492568,-0.22277157,-0.110491259,-0.177909092,-0.388411714,-0.080478376,-0.464016369,-0.064072128
