"","Argk","LOC100642226","LOC100642278","LOC100642442","LOC100642761","LOC100642962","LOC100643149","LOC100643245","LOC100643324","LOC100643448,LOC100643573","LOC100643490,LOC100643615","LOC100643909","LOC100643917","LOC100644207,LOC100644326","LOC100644380","LOC100644460","LOC100644679,LOC100644803","LOC100645107","LOC100645172","LOC100645186","LOC100645260","LOC100645357","LOC100645422,LOC100647236","LOC100645532","LOC100645607","LOC100645621","LOC100645715","LOC100645755","LOC100645982","LOC100646287","LOC100646701","LOC100646745","LOC100647066","LOC100647082","LOC100647122","LOC100647219","LOC100647457","LOC100647462","LOC100647571","LOC100647719","LOC100647775","LOC100648104","LOC100648166","LOC100648246","LOC100648328","LOC100648613","LOC100648687","LOC100648726","LOC100648977","LOC100649060","LOC100649206","LOC100649548","LOC100649595","LOC100649617","LOC100649684,LOC100649799","LOC100649746","LOC100649821","LOC100649867","LOC100649872","LOC100649912","LOC100650166","LOC100650271","LOC100650314","LOC100650504","LOC100650592","LOC100650715","LOC100651143","LOC100651232,LOC100651471","LOC100651366","LOC100651655","LOC100651720","LOC100651862","LOC100652140,LOC100652258","LOC100652148","VSP","NC_015762.1_411","NC_015777.1_18125","NC_015768.1_8751","NW_003565985.1_26226","NC_015762.1_1265","NC_015777.1_17856","NW_003566384.1_33820","NC_015767.1_7711","NC_015763.1_1766","NC_015773.1_14613","NC_015776.1_17233","NC_015771.1_11678","bte-mir-2788_MI0016140","rna8556_UTR3_UTR3","rna2029_UTR3_UTR3","rna9124_UTR3_UTR3","rna8557_UTR5_UTR5","rna17637_UTR5_UTR5","rnd-5_family-1739_1_3446_TE","rnd-5_family-825_1_322_TE","rnd-5_family-1522_1806_5325_TE","Gypsy-19_RP-I_1033_3957_TE","rnd-6_family-1476_1957_4172_TE","rnd-6_family-818_1_1483_TE","rnd-6_family-1476_43_1685_TE"
"Argk",0.861946756955789,-0.865995149622477,-0.849943808426928,-0.896402276592356,-0.832945526978462,-0.168602277506392,0.869101672110407,-0.364926204614085,0.8802153550156,0.906963535755687,0.853807972962561,0.463232066713113,-0.186578902003212,0.297199222744175,-0.868757571576483,0.258093531735113,-0.0725520951035588,0.860416191252687,0.872564289781298,0.489940594490026,-0.173216129127916,0.242411483980896,-0.0876221878399104,0.0539505715153503,0.227491114778353,0.878691578031751,0.871724388366931,0.897490621669724,-0.305788164669994,-0.129870598104384,0.866679414700169,0.0795452057615917,0.88028146509589,-0.886076307761459,0.195577435734097,-0.119698735906283,0.420795269578007,0.912515750465571,0.0891248180754735,0.88342582186807,-0.187056955090499,0.0960304906234435,0.889842179184029,0.239413723533549,0.884668710436914,0.875094693673958,0.87636514413825,0.21167085160139,0.0258713010981872,0.838855175852483,0.883806937252809,0.85665566486911,-0.327177176401323,0.837301949723947,0.906021346755827,0.8912413680033,0.0192391682005116,-0.896230620926395,0.88693405160835,0.896376222829524,0.904912228684641,0.888464160446303,0.241798570245819,0.0867119483972442,0.862471783064787,0.845445228593231,0.903746008113111,0.860291494909055,0.859681867952232,-0.87555645688555,0.868938685508495,0.863242690545162,0.869769637736248,0.0887564218830911,-0.850686142835886,-0.24786895040416,-0.109290324163183,-0.363713946447945,-0.825159601007046,-0.437700346313492,-0.878446623855435,-0.695645596384973,-0.879611069623485,-0.291043819766603,-0.343232575911848,-0.492702294938828,0.21118002088443,-0.393270765605941,-0.203541624703674,-0.252950267587359,-0.382907410059562,-0.203541624703674,-0.545457227511331,0.848929272557275,0.895678044828624,0.813774789364165,-0.216837163963034,0.905969980089067,-0.210351692164163,0.843769290531828
"LOC100642226",-0.865995149622477,0.870073617059894,0.853370485940808,0.900459329706983,0.836385066367196,0.167175891778044,-0.872697918038331,0.364521173925965,-0.883915658492642,-0.911501184824875,-0.857411383141113,-0.467569855271906,0.184994947074496,-0.300971180418987,0.872520049410751,-0.25698498210098,0.0708571381025734,-0.864254957993539,-0.877110321417602,-0.494674345320732,0.171872814217381,-0.246275754104,0.0899923985314723,-0.0563837454014873,-0.230633370091466,-0.882991912723014,-0.875589500667952,-0.901353756377013,0.304901396804717,0.132749712237289,-0.870181510330925,-0.0822366113768917,-0.884347898401861,0.889940136261336,-0.198542401171724,0.122466265542561,-0.420347274287228,-0.916664622096197,-0.0913883370914283,-0.887181434425271,0.185995743996223,-0.0986716824288515,-0.893999348848043,-0.242933342728831,-0.888571091482851,-0.87932610141981,-0.8806954070314,-0.21499516545977,-0.0283909823594263,-0.841981507303581,-0.887784471182707,-0.860344977954115,0.326504996258282,-0.841296541720755,-0.910165323215731,-0.895253585557049,-0.0216636937262693,0.900446850894239,-0.890647941183089,-0.900547975676145,-0.909387451402239,-0.892391432144419,-0.245245877740255,-0.0891729906793429,-0.866160375437423,-0.849272454318501,-0.907945319273956,-0.86442086480098,-0.863311216139889,0.879832597261715,-0.872959452093534,-0.866563580068328,-0.873486073229072,-0.091616733484482,0.8539354675686,0.248131350478235,0.107365604854888,0.362849310861059,0.828754007325463,0.437568961333836,0.88223377054081,0.699591690199008,0.883534767303727,0.29407662601214,0.342040677492379,0.493009891236485,-0.214777780554005,0.392502376306596,0.20702197192549,0.256619183508616,0.38736978894523,0.20702197192549,0.550238401971869,-0.853378904487825,-0.899765635090813,-0.817866455741272,0.215803154976829,-0.909952061707266,0.208923471503265,-0.84742494070363
"LOC100642278",-0.849943808426928,0.853370485940808,0.867005024227974,0.891748733739901,0.845505171822249,0.279640405537599,-0.881828025047678,0.468156797126005,-0.890136212877425,-0.880133020070494,-0.862709475280495,-0.346267902357408,0.309736485374055,-0.171609030840174,0.872909256630229,-0.373124000656693,0.175596444025035,-0.85878201757922,-0.8375259505704,-0.358777147977359,0.281051556971065,-0.0997126038972226,-0.0137141258499152,0.0582188709330387,-0.118323387673336,-0.857597579057654,-0.871300913180685,-0.902995236667604,0.420268475010132,0.0120764063390835,-0.883670415877676,0.0400354058726965,-0.871502754478383,0.888964124841817,-0.0882545353828528,0.00530776664649658,-0.538856703824731,-0.906813001271942,0.00641819268710913,-0.891245631074664,0.283602894114462,0.017255340651263,-0.878587676374535,-0.113653540391485,-0.885267609265639,-0.856710424925223,-0.853215261463825,-0.0896195689855201,0.0970700144318825,-0.868760728234071,-0.880369549807009,-0.861810291224811,0.43552605917987,-0.822475594747843,-0.899100108868288,-0.887712435439392,0.100338165598155,0.883402023467999,-0.897679889945312,-0.885853975993602,-0.880808699726943,-0.888649124694629,-0.120273889388288,0.0194730203827569,-0.868978557246907,-0.841015299925155,-0.893481802827705,-0.843775105521495,-0.86858593878189,0.854990132294439,-0.859929045822349,-0.888718727904495,-0.876503628740647,0.0373746168836598,0.876980523922083,0.290511821764227,0.232387155435462,0.490162832599521,0.82804253131746,0.543401488859045,0.883528543528238,0.65126276307882,0.877976600583785,0.201842897353126,0.481777476289597,0.588403790595977,-0.0750407093780154,0.521484320793647,0.071676368808751,0.122620141925907,0.241409544850601,0.071676368808751,0.424424777219381,-0.813473315483124,-0.889299828690859,-0.788665889718388,0.318727445570092,-0.90731228898603,0.330925198009753,-0.847730337642206
"LOC100642442",-0.896402276592356,0.900459329706983,0.891748733739901,0.93435633085993,0.872787196478255,0.206062222242118,-0.91057022957616,0.408859387247433,-0.921409995485472,-0.93937109574908,-0.893571192077753,-0.45180737432409,0.228108853223784,-0.276174008178792,0.907887898449919,-0.300550110200492,0.103644343557005,-0.897614016848702,-0.901243201544376,-0.475837236762321,0.210010192353045,-0.214354131547244,0.0639998414848385,-0.0259201215533266,-0.207865803139602,-0.911416549115684,-0.909744933586055,-0.938244487735863,0.350182180460962,0.103637476225057,-0.909197448075609,-0.0506264980938151,-0.916412630962001,0.925621850434994,-0.175055826163252,0.0939426780556491,-0.471190746577372,-0.950890453327744,-0.0671378154633131,-0.924191662937014,0.221397795047782,-0.069538439841219,-0.92572081844723,-0.215814513306026,-0.923532527066534,-0.908396472686156,-0.908431330090153,-0.187862846254862,0.00630600811428873,-0.883654987093942,-0.921539482903361,-0.895528302142511,0.370845678084481,-0.86991437482301,-0.943781808114093,-0.929274344519588,0.0123168563352236,0.931962257742731,-0.928646130579709,-0.932739100283235,-0.937968886281481,-0.927381867074917,-0.219451235392661,-0.0617361117049699,-0.901965201853431,-0.881230652549618,-0.940501203638665,-0.893451752997287,-0.899702747931959,0.908287241429518,-0.904511072655862,-0.907909270619761,-0.90964387635584,-0.0584659371154103,0.895025130219807,0.270265904280796,0.147422676301785,0.413884743798562,0.862038899823575,0.485486533727944,0.918252850245751,0.714053105607773,0.917648532495516,0.279608450161744,0.395784608911395,0.540185395745536,-0.183533603739752,0.44521269404155,0.176719042115025,0.228705082652654,0.361321722178957,0.176719042115025,0.536527393902423,-0.876461077229769,-0.933133141892094,-0.842572072294689,0.253928766309279,-0.945967077976991,0.252221513419767,-0.88175480594991
"LOC100642761",-0.832945526978462,0.836385066367196,0.845505171822249,0.872787196478255,0.825117480398587,0.257723398273039,-0.860617412488661,0.443200056580194,-0.869141073384644,-0.864575475901482,-0.842462553147999,-0.355253621269459,0.285436675881195,-0.185662584033302,0.853112214276362,-0.348583184086534,0.157103690424688,-0.840117234523773,-0.824071179762177,-0.369503441314966,0.259558176335445,-0.117777047660463,0.000974057700705855,0.0410134504625205,-0.131217998409921,-0.841721512218028,-0.852188783001213,-0.882344105974639,0.394768387993771,0.0285335668427236,-0.861813823593811,0.022177955690564,-0.853572350922431,0.868993236091618,-0.101548881550423,0.0214307200225601,-0.510238780236887,-0.887668940080756,-0.00728699192102859,-0.870524359400935,0.263656108649974,0.000792798082129592,-0.860852855891464,-0.129006488952904,-0.865703010186669,-0.840469186815497,-0.837727491573164,-0.104974823438538,0.0774804561143196,-0.845398770688611,-0.861485748021395,-0.842115087745605,0.41056070232347,-0.806482559057936,-0.880298748662782,-0.868680055970063,0.0811542688416192,0.865784736838436,-0.876401638102891,-0.867855310442493,-0.864849145579747,-0.869068883253415,-0.134879861006321,0.00396976799178018,-0.848933661640887,-0.823138363707249,-0.875278659917807,-0.827553321035324,-0.848209345328615,0.839096527779695,-0.842286096384174,-0.865546456325984,-0.856260892916547,0.0186457704474012,0.853950363899608,0.278065469623614,0.209797978212802,0.461425635374157,0.809412865167951,0.516438314991201,0.863365769977925,0.643233168406572,0.858889498675048,0.210065102963469,0.451507556599738,0.561869998808728,-0.0927167951173413,0.49180739552624,0.0888197090672796,0.138424569075399,0.256185561124892,0.0888197090672796,0.432268281782261,-0.800607090812022,-0.870637024288646,-0.774876590725772,0.297249053201544,-0.887157075400336,0.30652600238825,-0.828514400697601
"LOC100642962",-0.168602277506392,0.167175891778044,0.279640405537599,0.206062222242118,0.257723398273039,0.47788304318709,-0.267425485087346,0.496377301098,-0.259198460321986,-0.121687244714934,-0.248590356012651,0.343021094234902,0.529935895442278,0.418417041630031,0.233694134771975,-0.515943068010204,0.422480843912012,-0.20890420689582,-0.0808731264859282,0.392052446009133,0.466470905165615,0.499258483827373,-0.375695767181407,0.426628958388006,0.371422882483043,-0.137121195173326,-0.216484579512073,-0.246193107602559,0.525719786102984,-0.429700581327518,-0.283552929092058,0.449303893650882,-0.185841728016364,0.233068933474216,0.372170455195994,-0.418892508983483,-0.568551538843634,-0.205977696219909,0.352588004885173,-0.251757784743471,0.425636885612564,0.420479075764358,-0.178519764401834,0.433544686748981,-0.22373544045677,-0.146853512814506,-0.128472146118247,0.425934284838007,0.475922328386628,-0.327264056694334,-0.20768222398892,-0.234601007969114,0.507013851385966,-0.151356525658506,-0.199571392662092,-0.209183461953771,0.464382422990382,0.173942026338507,-0.264116846807504,-0.183028110134698,-0.131874049053773,-0.223061045048994,0.416328643241462,0.394948680994046,-0.241362023826456,-0.194187802006768,-0.185884877255966,-0.150478236172451,-0.250070357553933,0.138407127429846,-0.182097115742522,-0.315986443818071,-0.244079840625424,0.472701350826114,0.31605522150443,0.229350295233848,0.510356299967118,0.587177765427577,0.217805549904002,0.524282726981158,0.239768838862685,-6.60850817673364e-05,0.213706504183266,-0.277173372117695,0.62951465065558,0.498810220791064,0.481335653096533,0.601498463655857,-0.466476618354595,-0.448088728672519,-0.459387296288968,-0.466476618354595,-0.338407634259778,-0.0733198929043041,-0.199113720909815,-0.105122330932772,0.454059392103067,-0.231983003129311,0.525745568443351,-0.226692874004327
"LOC100643149",0.869101672110407,-0.872697918038331,-0.881828025047678,-0.91057022957616,-0.860617412488661,-0.267425485087346,0.897649532700919,-0.461019686841034,0.906577902732555,0.902290592439261,0.878759499884951,0.372121757839247,-0.296179716892849,0.195312445602907,-0.8899309205971,0.362160662589678,-0.162560335676664,0.876449161314508,0.860141878091637,0.38717123032863,-0.269381011936933,0.124714234504178,-0.00232759968293333,-0.0413344573788546,0.138302174887947,0.878374616623616,0.889026786977739,0.920408737443243,-0.410349160975148,-0.0312912500487764,0.898842463120315,-0.0215889605738852,0.890578283340181,-0.906514693727057,0.107326851821827,-0.0238373677392864,0.530763963769867,0.926108756565276,0.0088384118382816,0.908048166555786,-0.273802164055561,0.000639022951891416,0.898205500053072,0.136209812576322,0.903111882685538,0.877033096431908,0.87423457625749,0.111091473738973,-0.079238202561806,0.88155080038181,0.898764581404018,0.87844550678146,-0.426903386024066,0.841531485077417,0.918435786530059,0.906271019875535,-0.0831143363716282,-0.903370913362925,0.91414160046298,0.905501131807412,0.90254079916628,0.906628589364445,0.142282224461201,-0.00276715473257171,0.885541288038956,0.858772626499062,0.913241987058972,0.863534819794273,0.884754641416872,-0.875629348621604,0.878807213203008,0.902626615338933,0.8931822696757,-0.0178193382136147,-0.890518736638287,-0.28953189885883,-0.217272618887346,-0.479732515774189,-0.844359257786644,-0.537391409642345,-0.900615607482987,-0.671608783337087,-0.896032786907356,-0.220298736768857,-0.469229226517886,-0.58491611037205,0.0984859601196671,-0.511404571121644,-0.094365125166499,-0.14609409416972,-0.269089371140516,-0.094365125166499,-0.452517725170166,0.835669050359663,0.908349444441708,0.808692543884691,-0.308777868392129,0.92548359504065,-0.318213988761982,0.864272429971599
"LOC100643245",-0.364926204614085,0.364521173925965,0.468156797126005,0.408859387247433,0.443200056580194,0.496377301098,-0.461019686841034,0.560478690947514,-0.455789411178516,-0.330757868000529,-0.439410089774428,0.218108024817494,0.550352805769206,0.32940047119125,0.428716315890297,-0.553900807206773,0.420736302628611,-0.403062745446334,-0.283633909927606,0.258628263993116,0.486567090278028,0.419582965215252,-0.338160156580787,0.39477829307102,0.300996561348674,-0.338814294704171,-0.41297854510035,-0.447451964530812,0.574520821402095,-0.379755806988131,-0.475852566883666,0.410384937116055,-0.385730786275853,0.432215331307938,0.3092589309822,-0.371837216913869,-0.64263756535335,-0.412589814926877,0.315730986893262,-0.449441023337735,0.450833900939724,0.378950821965924,-0.380997763873887,0.35751867572034,-0.422966555193635,-0.347260385438994,-0.330002012006242,0.356810579873575,0.448507278897847,-0.511026755456645,-0.407427839766826,-0.426720257074556,0.561710861137781,-0.342623134006483,-0.404934110807157,-0.410620299676268,0.439052383336092,0.378135863675708,-0.462076827518725,-0.386849813168594,-0.340003669805991,-0.423220039552853,0.340508927373498,0.356766856763048,-0.43455437267209,-0.385463907175693,-0.391321856794467,-0.347221650274175,-0.442213164381421,0.339301164442736,-0.379470929909858,-0.506021932480268,-0.438876670458095,0.430556791476449,0.503117748108842,0.27771378655506,0.513368977518879,0.646929410754848,0.403226866517057,0.60434803828313,0.436810859299564,0.164471512487707,0.412190143466923,-0.195932869166809,0.682527590707205,0.593024446345938,0.409849011919521,0.667600107113968,-0.397461509244222,-0.368210245915857,-0.348265675054892,-0.397461509244222,-0.194253042572424,-0.270828485793786,-0.402050512490406,-0.292893104114197,0.485028232621539,-0.435883259688664,0.551972740955686,-0.416118090596627
"LOC100643324",0.8802153550156,-0.883915658492642,-0.890136212877425,-0.921409995485472,-0.869141073384644,-0.259198460321986,0.906577902732555,-0.455789411178516,0.91589272180334,0.915287342044004,0.887861068184064,0.388231969198111,-0.287049792860499,0.210285234690989,-0.899641850446403,0.354606978102774,-0.153950833224289,0.886593933680225,0.873491941326133,0.404894201117822,-0.261501367846692,0.140619977114674,-0.0126410591164551,-0.0304184118572697,0.150958774450505,0.89051673765003,0.899191861214898,0.93032933488113,-0.403399978787982,-0.043605166866052,0.907351497903694,-0.00969577071638143,0.901609187702782,-0.916542738552801,0.119443505360581,-0.0357209462809745,0.524822243190659,0.937231945759856,0.0186379047928095,0.917593009292456,-0.2671188878004,0.0121462889449538,0.909574569923513,0.150526940212207,0.913333539607284,0.888884870490255,0.886538259547897,0.124746112700444,-0.067660227479815,0.888551964055952,0.909346477511067,0.887923856896762,-0.42076510321507,0.852617878003066,0.929595307011931,0.916947674165698,-0.0719219813712616,-0.914958585612079,0.923458790337664,0.916878933142061,0.915263572777619,0.916932305794988,0.156238531272346,0.00798049973534244,0.89496316709141,0.868999946874893,0.924681727938583,0.875043294005933,0.893924207144567,-0.887686647341956,0.889727539414205,0.910317392982698,0.902668080266245,-0.00521827517527101,-0.897988586487062,-0.288499579610659,-0.207250458875779,-0.472358336708499,-0.853680122968847,-0.532779877300545,-0.91035375773995,-0.683760875963194,-0.906400560200712,-0.231862023521812,-0.46050755810099,-0.581860768994996,0.113427196784615,-0.504211859851671,-0.108825571309249,-0.160987668895737,-0.2865169897959,-0.108825571309249,-0.469956275397497,0.848782869909271,0.919339002270112,0.820448858883941,-0.301950290311288,0.935884501068531,-0.309597255297113,0.873710575251649
"LOC100643448,LOC100643573",0.906963535755687,-0.911501184824875,-0.880133020070494,-0.93937109574908,-0.864575475901482,-0.121687244714934,0.902290592439261,-0.330757868000529,0.915287342044004,0.961309961278089,0.888182433970674,0.541734209215467,-0.134523920828839,0.372405235875305,-0.90614467366505,0.21327800115796,-0.0252062954673428,0.900268041834681,0.92938307604994,0.57663273512282,-0.128084373495206,0.323538654024615,-0.141397902309392,0.111521807388495,0.291463128844789,0.928935858081027,0.911494479174447,0.935516870457672,-0.263407549080075,-0.193651494829313,0.897662653445277,0.141920045100866,0.924545870678752,-0.924870491481797,0.25719450008695,-0.181345571486794,0.381874239114296,0.956731462224597,0.140121758741319,0.919676017320652,-0.148101272530645,0.15606008477366,0.935757148225343,0.312080760871459,0.924523841879712,0.92384410750346,0.927514153015001,0.281256174699254,0.0874617566112435,0.862229129216858,0.925606486602288,0.893000669441515,-0.288780402166032,0.882587748537927,0.95054111382544,0.933423306008075,0.0788754920645955,-0.943209068423144,0.921905541957586,0.942227882030355,0.957825451577207,0.928694960468278,0.312492412681757,0.142829098798526,0.898416265976592,0.885991544425044,0.949805326818569,0.907451165492671,0.894321645191731,-0.925399141974183,0.912801799103538,0.889900207298007,0.905933663696774,0.154768336935399,-0.876371644523911,-0.238162400143569,-0.0537575646679621,-0.318080564605691,-0.861191567173808,-0.405620673954185,-0.915816310257673,-0.749027286083897,-0.920334197904408,-0.348087915302646,-0.29072540321776,-0.468032875908734,0.287666264961183,-0.348111577558483,-0.277580837068599,-0.328477421731563,-0.46982058240906,-0.277580837068599,-0.629690296925294,0.904880644296572,0.939461541728708,0.86304593116365,-0.176606675645377,0.946426510076404,-0.160645483545599,0.880116018718137
"LOC100643490,LOC100643615",0.853807972962561,-0.857411383141113,-0.862709475280495,-0.893571192077753,-0.842462553147999,-0.248590356012651,0.878759499884951,-0.439410089774428,0.887861068184064,0.888182433970674,0.860705036844802,0.379344740428015,-0.275297176978161,0.207009779488427,-0.872245813296641,0.341005682832864,-0.146733322802869,0.859736753881478,0.847857897944637,0.395852433988999,-0.250902558481344,0.139880906633397,-0.0147622714782006,-0.026723095951702,0.149077258892497,0.864021533715469,0.871922559591374,0.901968857682167,-0.388331995007134,-0.0451937746492638,0.87940421683135,-0.00644595926080248,0.874473064391348,-0.888665199524112,0.118472504676888,-0.0374646292420879,0.50598202492132,0.908939067625363,0.0204339918746161,0.889561703567043,-0.256628694575792,0.0145778665444996,0.882257985956229,0.149068639511858,0.885609936492283,0.862372198206913,0.86021457010336,0.1239782807406,-0.0625688186639229,0.860855817559805,0.881843598690987,0.860858531770149,-0.405321844420459,0.827117536657535,0.901564227198553,0.889216452225316,-0.0667844262084725,-0.887517567578908,0.895177205660583,0.889322649618701,0.888091983200971,0.889109754140951,0.154502263353346,0.0103629482436662,0.867650861816991,0.842745637484052,0.896882344497709,0.848904380633117,0.866584168230527,-0.86126426049051,0.862957590531198,0.882070408637718,0.87511640650757,-0.0019423962525407,-0.870095407743807,-0.278693052844392,-0.19792030441602,-0.454902461762441,-0.827709836764538,-0.51400374747685,-0.882609749220913,-0.664113878559912,-0.878942492374427,-0.22703254024525,-0.443112237415064,-0.561842778512081,0.113350971368715,-0.485745992554826,-0.108783309105316,-0.159324964353106,-0.281321996455535,-0.108783309105316,-0.458690242172475,0.823908774910322,0.891605657403877,0.796178616789533,-0.290271283167343,0.907458369948547,-0.297224462692031,0.847105955582842
"LOC100643909",0.463232066713113,-0.467569855271906,-0.346267902357408,-0.45180737432409,-0.355253621269459,0.343021094234902,0.372121757839247,0.218108024817494,0.388231969198111,0.541734209215467,0.379344740428015,0.671599324947829,0.38066689207781,0.624200624189811,-0.404748030953558,-0.314960450996763,0.358954307554422,0.422836772708252,0.556469072409908,0.738834368426895,0.3285388339113,0.663104386038809,-0.429973575433347,0.455100926185377,0.527644188618569,0.506107118464976,0.423681670474312,0.413485557980661,0.289764155634801,-0.513370304178733,0.354639296276304,0.495836263807355,0.459778424509715,-0.41796675463902,0.505137229436875,-0.495430150498617,-0.247776868109352,0.46362159722275,0.40854525170825,0.39782160843225,0.278662121050915,0.479744235223079,0.473875823650397,0.596872775682676,0.426038955889772,0.494002551915293,0.512843232251505,0.569256247509887,0.482701653203183,0.291777372307942,0.441058045581338,0.395053021051331,0.255959282431298,0.462097617092088,0.465137182949475,0.445007672535043,0.466625399607188,-0.482988862828072,0.388329908170545,0.474238974022484,0.530311968050723,0.429459643404579,0.581829231585631,0.448076014608326,0.392697865662165,0.426280351133379,0.476820345792339,0.479691798829744,0.382178876720041,-0.502571156486301,0.455169762389809,0.320525250742777,0.395362296631346,0.525347440806286,-0.311316090812547,0.0430724584932282,0.417855304473279,0.307490778096861,-0.388491447836256,0.192321371204453,-0.405881591867439,-0.506547474625931,-0.432131472009869,-0.482053600979768,0.363667106268186,0.127448567663442,0.622896722307214,0.299929058383675,-0.602852789332347,-0.620903997438163,-0.72653504249134,-0.602852789332347,-0.726968931656646,0.546622857714959,0.458052547228342,0.490030952990518,0.284682311419264,0.433509285269375,0.359274317471846,0.393378547754559
"LOC100643917",-0.186578902003212,0.184994947074496,0.309736485374055,0.228108853223784,0.285436675881195,0.529935895442278,-0.296179716892849,0.550352805769206,-0.287049792860499,-0.134523920828839,-0.275297176978161,0.38066689207781,0.587658731603792,0.464207806207017,0.25876862823656,-0.572104769294585,0.468536084092772,-0.23127829061993,-0.0892738470132451,0.435060214593896,0.517276524033168,0.553842102189034,-0.416724495246212,0.473197929228247,0.412053122285316,-0.15165530662363,-0.239680169988186,-0.27261727098125,0.582925001838238,-0.476641374761037,-0.31406774807552,0.498358956320053,-0.205690212545546,0.25806684317984,0.412866813200704,-0.4646492806498,-0.630373829884933,-0.228007311172981,0.391096530056944,-0.278795827474624,0.47198104219812,0.466397483903533,-0.197564838088201,0.480957841146563,-0.247715798317542,-0.162451106542022,-0.142063819271962,0.47250376595492,0.527855351759507,-0.362560978936131,-0.229911681099129,-0.259780290467448,0.562168005842857,-0.167463655118267,-0.220905256723766,-0.231573099550174,0.515053297937812,0.192484603645971,-0.292501498169377,-0.202561858777256,-0.145823041788979,-0.246965994075445,0.46186477562305,0.438077355746273,-0.267276082489815,-0.214963648926377,-0.205726718431704,-0.166478428156396,-0.276935797119545,0.153083043594829,-0.201542570605077,-0.350041243347514,-0.270286867901626,0.524313403204112,0.350123598384224,0.254251247302533,0.565980497396204,0.651059687766376,0.241167776155581,0.581267356495545,0.265501362166749,-0.000409805019262438,0.236595206830753,-0.307552251592983,0.698025201941435,0.552989333430841,0.533948881346921,0.666928397641436,-0.517465112655182,-0.497095106195916,-0.509689150643948,-0.517465112655182,-0.375589904453171,-0.0809080303540403,-0.220402658951826,-0.116196945026588,0.503489881994096,-0.256852820475727,0.58299976316715,-0.251015656215002
"LOC100644207,LOC100644326",0.297199222744175,-0.300971180418987,-0.171609030840174,-0.276174008178792,-0.185662584033302,0.418417041630031,0.195312445602907,0.32940047119125,0.210285234690989,0.372405235875305,0.207009779488427,0.624200624189811,0.464207806207017,0.612924357509147,-0.231252498551739,-0.40957758061434,0.41231645962462,0.253182033263432,0.397054413240095,0.691524857661994,0.403635559970213,0.669146399378141,-0.450991280508784,0.486882680729681,0.523946676908188,0.340201678610124,0.2513308053721,0.233791745977342,0.393611637592115,-0.532256835520477,0.176695085386086,0.525358207177534,0.28889676831157,-0.241522305230898,0.50705701752803,-0.515041469333849,-0.37573937460674,0.285196577472073,0.427072710390059,0.220034822947022,0.352224599717993,0.503621098833502,0.302039273046179,0.59709639905437,0.250739466400361,0.327783235522389,0.348176378561626,0.573566193511875,0.524117565331894,0.114451063082417,0.267456913152652,0.223572779611272,0.361718705651523,0.302010608802201,0.288458604995666,0.269969944338772,0.50808045279769,-0.310483888660063,0.208741295845551,0.300832185843822,0.360356721987652,0.253565730375368,0.579977679806862,0.471109165914927,0.219554820059195,0.260646561272253,0.301857429397296,0.315694953116391,0.208680520600678,-0.33708641064187,0.286620213245946,0.140049399184097,0.22068902540166,0.55552598512412,-0.133015375934447,0.108266024052102,0.486078087792602,0.427331912138263,-0.224104047978676,0.318950714308562,-0.230116518010145,-0.385681474434596,-0.258678246143023,-0.458221399224692,0.484033633549146,0.261177534300988,0.632636403110304,0.42628734449165,-0.612486265931175,-0.620178601629884,-0.70431880309771,-0.612486265931175,-0.664838091471584,0.392043561197989,0.283215327362785,0.338492035273614,0.366161128329151,0.253712954603193,0.446541657194089,0.224900267660573
"LOC100644380",-0.868757571576483,0.872520049410751,0.872909256630229,0.907887898449919,0.853112214276362,0.233694134771975,-0.8899309205971,0.428716315890297,-0.899641850446403,-0.90614467366505,-0.872245813296641,-0.404748030953558,0.25876862823656,-0.231252498551739,0.884759668070493,-0.326838274910152,0.131637776469167,-0.873033533936201,-0.866588797108774,-0.423892151665187,0.236579618580321,-0.165982205792874,0.0320168759255753,0.00827619494790889,-0.169682465949709,-0.88065371361316,-0.885200438752186,-0.91470553801019,0.374973884252279,0.0656752944479343,-0.889868668196228,-0.0135536246332288,-0.889193791035078,0.901640163984713,-0.138304102839058,0.0572571185271948,-0.493804059616065,-0.923664879883971,-0.0368008571385157,-0.901721355802604,0.244289845259905,-0.0338379638647853,-0.897512720111449,-0.172462313693554,-0.898923309136274,-0.878523987577882,-0.877134607673815,-0.146368586611487,0.0428544942498108,-0.868868849180078,-0.89577827910673,-0.873031348828861,0.393251546418158,-0.842137378020493,-0.916383119625896,-0.903278192148671,0.0476993190014456,0.903116515731746,-0.906930153240925,-0.904561323773634,-0.905594544054235,-0.902545704887051,-0.177266402488508,-0.0283658029590557,-0.879699312310776,-0.856254925298399,-0.912192155181005,-0.864538254018038,-0.8782135621685,0.877765993760794,-0.877542707199084,-0.891149213153181,-0.887239748002492,-0.0192262937743632,0.878855296804897,0.275747580089204,0.18022996531489,0.440541181748403,0.839762352809369,0.504024606826186,0.895124243804788,0.681632145714553,0.892530224719453,0.24546280401957,0.426539468138482,0.554268821599299,-0.137948002236125,0.47155531111649,0.132592839485864,0.183642031211192,0.309363807081059,0.132592839485864,0.485979084631589,-0.842347111634414,-0.906182448323288,-0.812457964618038,0.277543813849272,-0.920977732614276,0.281462329826111,-0.859271065075745
"LOC100644460",0.258093531735113,-0.25698498210098,-0.373124000656693,-0.300550110200492,-0.348583184086534,-0.515943068010204,0.362160662589678,-0.553900807206773,0.354606978102774,0.21327800115796,0.341005682832864,-0.314960450996763,-0.572104769294585,-0.40957758061434,-0.326838274910152,0.564244143375372,-0.44887688942446,0.300112370909097,0.167317617175168,-0.363725467500652,-0.504441013044768,-0.499347161219353,0.384747797934126,-0.441225795743484,-0.367019694118542,0.226745190526962,0.309114838327991,0.34263824261095,-0.578993404105633,0.437243070987841,0.378803610682405,-0.462522286862805,0.277867360279809,-0.327825786161261,-0.370826819113654,0.426899819322289,0.634705246205752,0.301989032802771,-0.360430004322547,0.347126847831617,-0.463032357820217,-0.430803137742064,0.271113349813769,-0.430881473044332,0.317927654299075,0.236586211439505,0.21747603049785,-0.425549137074971,-0.495458127260347,0.421896848198635,0.301051078504431,0.326639938617754,-0.561450645295699,0.237714993027889,0.294671164383383,0.303326365251463,-0.484013709517848,-0.266929659418913,0.360389446375798,0.276449330287926,0.223741007698759,0.31758186189576,-0.412643978343234,-0.404976494171971,0.334264614487748,0.283296995718179,0.280136645374481,0.238975244242168,0.343110832932635,-0.227793364208578,0.27287459105601,0.412409827085915,0.337799741499306,-0.48612762221903,-0.41129158023546,-0.263441346386153,-0.544294596571723,-0.648781433966706,-0.306083085104704,-0.589993560219478,-0.334112035982254,-0.0658692781873837,-0.306955971008055,0.262391771544063,-0.691132948957802,-0.56855768967859,-0.48355662663475,-0.666565375441982,0.468735113613505,0.444814370350418,0.444316646974035,0.468735113613505,0.302339937981087,0.157175115783092,0.293211933368138,0.187114656177472,-0.495590799249675,0.328575353662658,-0.569974205393685,0.317144975691096
"LOC100644679,LOC100644803",-0.0725520951035588,0.0708571381025734,0.175596444025035,0.103644343557005,0.157103690424688,0.422480843912012,-0.162560335676664,0.420736302628611,-0.153950833224289,-0.0252062954673428,-0.146733322802869,0.358954307554422,0.468536084092772,0.41231645962462,0.131637776469167,-0.44887688942446,0.380795134647204,-0.109683218609012,0.00896945328623822,0.406496820417879,0.411568022452638,0.481281645699835,-0.353130734023945,0.396662156779404,0.362544067771079,-0.0420654207778987,-0.115561669347074,-0.140368822403007,0.453301988347386,-0.406718922162708,-0.177591469728216,0.419911110356432,-0.0866248305576075,0.129412924654276,0.36018758838721,-0.395830573985087,-0.481644478847604,-0.102030576253288,0.332067924208776,-0.146816428508155,0.372774984615182,0.395030130446528,-0.0789939596805041,0.420690095883545,-0.120981744255004,-0.0513397120784206,-0.0343499551136211,0.411061106291104,0.439221863601493,-0.220357964088032,-0.106331816070363,-0.133623766711704,0.434096346946247,-0.059075157817648,-0.0967706435054077,-0.107000736347676,0.427999374341928,0.0741839054932909,-0.157823916642617,-0.0825083515446478,-0.0347503211359872,-0.120001005689633,0.405118241786411,0.3707124137628,-0.13927388520276,-0.0976052031780545,-0.0844274081724802,-0.0560774127583887,-0.147531529911978,0.0435444153491535,-0.0842697659039822,-0.207683450696249,-0.14107228428219,0.442261191552311,0.208943661847542,0.186844588812464,0.457936228810104,0.504179741505571,0.121213238255677,0.43940718743894,0.136288833677639,-0.0663808604063509,0.112260334738719,-0.282109874745139,0.544985048163193,0.410787312506823,0.461856319247591,0.51450405544815,-0.447491921401467,-0.435327730904544,-0.458086082617478,-0.447491921401467,-0.36255955618474,0.01364780615083,-0.0973367279173042,-0.018888884683856,0.39601927446014,-0.126519775718615,0.462424200363789,-0.127594985804456
"LOC100645107",0.860416191252687,-0.864254957993539,-0.85878201757922,-0.897614016848702,-0.840117234523773,-0.20890420689582,0.876449161314508,-0.403062745446334,0.886593933680225,0.900268041834681,0.859736753881478,0.422836772708252,-0.23127829061993,0.253182033263432,-0.873033533936201,0.300112370909097,-0.109683218609012,0.862593568256033,0.862819287818639,0.444546566524212,-0.212386047498233,0.192092098248536,-0.0516169510041325,0.0139580920249481,0.189130678804204,0.873959446409509,0.874371600274203,0.902343295324261,-0.347763136153252,-0.0881077619574763,0.87554621445982,0.0369811073481362,0.879964303715652,-0.889955308904426,0.157775130972104,-0.0791218687917612,0.464421825908226,0.913403525924543,0.055198875008108,0.889062363677152,-0.222228765583609,0.0557733601968273,0.888669181338393,0.195150131281105,0.88772357502721,0.871321315283463,0.870889370996877,0.168646270409162,-0.0180685312037474,0.852257090150355,0.885413719217858,0.861251905374292,-0.367025276568448,0.834681249791823,0.906451953461334,0.892839239205965,-0.0235173814003842,-0.89451448176176,0.893629611514046,0.895486410515565,0.8991866296069,0.89138298917406,0.199059286143104,0.0489675798296176,0.867570875288048,0.846573432680129,0.902972257675872,0.85713943913209,0.865630427951313,-0.871003209261598,0.86850241459072,0.875136782663559,0.874973523151699,0.0438763172312663,-0.862832952574918,-0.263934368625731,-0.153719807783837,-0.410160615102238,-0.828841266697047,-0.476955199457029,-0.88308679385786,-0.681986478774565,-0.881849969960369,-0.260037157782836,-0.393944832696009,-0.528553063786581,0.163109214239774,-0.440444226207173,-0.156976749726918,-0.20709372952663,-0.333469175448558,-0.156976749726918,-0.503869160086296,0.838958844672448,0.896269887781893,0.807396571105576,-0.254018295217333,0.909359437487082,-0.254202100229182,0.847896759139099
"LOC100645172",0.872564289781298,-0.877110321417602,-0.8375259505704,-0.901243201544376,-0.824071179762177,-0.0808731264859282,0.860141878091637,-0.283633909927606,0.873491941326133,0.92938307604994,0.847857897944637,0.556469072409908,-0.0892738470132451,0.397054413240095,-0.866588797108774,0.167317617175168,0.00896945328623822,0.862819287818639,0.901440410039466,0.594458389257942,-0.0880295840287945,0.355746804179966,-0.167997314777433,0.142862557630129,0.314249259937824,0.896531146541054,0.87318313792368,0.894287301877655,-0.215509457955408,-0.223335433305832,0.85433873570882,0.17436010197899,0.888368905794119,-0.884930882440846,0.280833282640406,-0.210454981598352,0.327828379619622,0.918208451238256,0.164913365185764,0.878370655739744,-0.110829950240658,0.185880925106713,0.899902861770876,0.33932908870204,0.88533438150678,0.890783417722403,0.895830052761527,0.308612875896024,0.123278836099881,0.816249825797596,0.887668389994615,0.853676927726803,-0.241782356223,0.850123969455532,0.912670767936439,0.895184908282749,0.11397375532353,-0.907546278740074,0.879565880014797,0.905865350891284,0.925169248408855,0.889462574419934,0.338362329785528,0.17092622153938,0.858429588332318,0.850043377190868,0.913040254474739,0.874481711455161,0.853737327926183,-0.892974047170883,0.877194414021015,0.844177111586867,0.865556882967525,0.188771375402128,-0.830956223631162,-0.214413589467746,-0.0119337897977112,-0.264030318269176,-0.823939546335794,-0.354545061922795,-0.875553553926504,-0.731694926295252,-0.882039135467073,-0.362069393187724,-0.233942051409211,-0.41753798892094,0.319279667183569,-0.292227540631422,-0.308246213296343,-0.35650264474714,-0.495472529838735,-0.308246213296343,-0.642022429184395,0.878105704952971,0.901884043319051,0.834710657318587,-0.136415612638119,0.906074291842057,-0.115123959449243,0.841719307601999
"LOC100645186",0.489940594490026,-0.494674345320732,-0.358777147977359,-0.475837236762321,-0.369503441314966,0.392052446009133,0.38717123032863,0.258628263993116,0.404894201117822,0.57663273512282,0.395852433988999,0.738834368426895,0.435060214593896,0.691524857661994,-0.423892151665187,-0.363725467500652,0.406496820417879,0.444546566524212,0.594458389257942,0.813513462667864,0.375925456671144,0.737282607167966,-0.480594691917582,0.510086752234632,0.585414692926918,0.537573038353219,0.445087187908133,0.432681167214562,0.337105845999582,-0.572894195208992,0.3675891987281,0.554990904409906,0.485390093358099,-0.438136884185333,0.561248741851644,-0.553078174622573,-0.294034834001946,0.488545436425185,0.456430794632649,0.415567289659892,0.320310022535885,0.536287764934566,0.500904714856855,0.662872838660207,0.447270106398234,0.524084366781696,0.54523631621615,0.632806796986518,0.542158899878767,0.297870836276344,0.464199616669959,0.413422876058902,0.299846813476258,0.48955772407507,0.490486111695754,0.468373875445787,0.524311652818986,-0.510926351072501,0.404760801484539,0.501076404421919,0.563855724573946,0.450981179927862,0.645860593807868,0.500995095021041,0.410562176736076,0.448963788957329,0.503713556829495,0.508519767868841,0.398828211514775,-0.533708326470773,0.480616042331144,0.329331433454319,0.41329538855372,0.587860534388077,-0.319425280406218,0.0574483705661224,0.474099440733936,0.359150562500548,-0.407182243534896,0.232253700225002,-0.424816257108615,-0.544704995346279,-0.454308282652318,-0.531815685397032,0.421613055473156,0.161258211968511,0.693176519526907,0.351714336832347,-0.670901643317937,-0.689420047066147,-0.803555843697017,-0.670901643317937,-0.79815062455443,0.584237133983439,0.482890058280736,0.521839055328476,0.328163163603502,0.454902819743402,0.411852923412864,0.412006101630362
