"","LOC100642539","LOC100642557","LOC100642571","LOC100642576","LOC100642646","LOC100642686","LOC100642694","LOC100642730","LOC100642771","LOC100643532","LOC100643590","LOC100643673","LOC100643686","LOC100643709","LOC100643792","LOC100643926","LOC100644542","LOC100644663","LOC100644777,LOC100648533","LOC100644917","LOC100644943","LOC100645337","LOC100645719,LOC100646150","LOC100646253","LOC100646427","LOC100646570","LOC100646731","LOC100647027,LOC100650883","LOC100647093","LOC100647387","LOC100647436","LOC100647486","LOC100647766","LOC100648085","LOC100648089","LOC100648203","LOC100648256","LOC100648530,LOC100648994","LOC100648627","LOC100648645","LOC100648813","LOC100648826","LOC100648830","LOC100648836","LOC100649182","LOC100649239","LOC100649251","LOC100649657","LOC100649750","LOC100649882","LOC100650055","LOC100650118","LOC100650126","LOC100650199","LOC100650419","LOC100650528","LOC100650563","LOC100650718","LOC100650881","LOC100650895","LOC100650995","LOC100651026","LOC100651065","LOC100651170","LOC100651175","LOC100651473","LOC100651572","LOC100651879","LOC100651887","LOC100651902","LOC100652002","LOC100652032","LOC100652039","LOC100652215","LOC100652275","NC_015762.1_411","NC_015771.1_11825","NC_015778.1_18507","NW_003565985.1_26226","NC_015769.1_10192","NC_015778.1_18720","NC_015765.1_5591","NC_015770.1_10730","bte-mir-1_MI0001575","bte-mir-9a_MI0001596","bte-bantam_MI0001574_","bte-mir-125_MI0001578","bte-mir-279b_MI0016201","rna5318_UTR3_UTR3","rna20318_UTR3_UTR3","rna9396_UTR3_UTR3","rna1714_UTR3_UTR3","rna11210_UTR5_UTR5","rna20318_UTR5_UTR5","rna5436_UTR5_UTR5","rna3505_UTR5_UTR5","rnd-4_family-489_4_374_TE","rnd-5_family-1522_1806_5325_TE","rnd-5_family-1522_3822_4408_TE","rnd-5_family-1739_1091_2514_TE"
"LOC100642539",0.878113266502597,0.675238377442349,0.719524680785803,-0.171854816194227,-0.223921423502366,0.355102062833753,0.801513547681773,-0.00500813585896412,0.747582626453726,0.900286913651094,0.730535406188287,-0.0444766861618735,0.848744184597361,0.271581744481747,-0.0292197153696405,0.265637306245652,0.776346136898744,0.751916972008007,-0.427087667841922,-0.830003540269073,-0.126822164503163,0.78468752165495,-0.257863587872227,0.748747610383503,-0.0528433938727306,0.866478877658342,-0.167603243233888,0.835052608171813,-0.196249641214375,0.888906790053445,-0.392163343559506,-0.343337115058891,-0.104257156654331,0.877073635672251,0.711271155833078,0.870552930790078,-0.232469864000381,-0.0236198589871715,-0.283239459607105,0.891850345989561,-0.17647400756655,-0.201353605669429,-0.473552412991913,0.817993425225268,0.103667345299792,0.792501119452715,0.279359181029746,0.302151195173676,-0.0531546555802886,0.707943570050794,-0.378616243779856,-0.153940662037166,-0.193158715262344,0.248756024891704,-0.137338372969755,0.787545615402968,-0.211241459200455,0.78667327109329,0.8708829577226,-0.193285371240518,-0.189925412419236,0.723304213824576,-0.187615707285499,-0.83905222750902,-0.219187957820992,0.0544376833696877,0.17380391794063,-0.181422558699954,0.13214849007099,-0.300713527310078,0.418165762268087,-0.392691830745625,0.0398782358395114,0.915349072395567,-0.736875663654549,0.849840563091022,0.394941426897096,0.521189176412222,0.241619878001177,-0.533544996429755,-0.20834896390026,-0.412266971653574,-0.436916622803535,0.163382975535468,0.23298023967896,0.186914492597152,0.281878251681266,0.423195873339887,0.845323170778417,0.162492266222244,0.681782789881391,0.504697606783911,0.796454679235337,0.207094229081551,0.298062324054854,0.530802066768567,-0.17292148446318,-0.816101329497722,-0.797027709263215,-0.267209173718129
"LOC100642557",0.675238377442349,0.961338751028439,0.950143909609832,0.48570953617133,0.441138097107776,-0.316211002292611,0.913091511591274,0.63764302793936,0.778554118811749,0.7255353252644,0.895251024199939,0.603950940202089,0.770272471578095,-0.354975016722126,0.62183670199039,-0.410600050770918,0.803976080977872,0.927900286435795,0.243364009336405,-0.689204912226662,0.531693748934144,0.899753657811692,0.426400143795985,0.947526378139421,0.606999784128486,0.791400435485208,0.481640019120659,0.841078468112616,0.461594601829107,0.729541418500854,0.286854024174637,0.3429921864806,0.555881339475048,0.749873628964844,0.888145859032987,0.793746875504319,0.438361878392538,0.614795128555815,0.393558242285293,0.743028091228583,0.476313611279282,0.449762370174898,0.195468019054071,0.890810251910578,-0.548611966567667,0.893406363976297,-0.368123934270315,-0.363943361073209,0.570497176555819,0.918992224628503,0.295199572222845,0.517057856823882,0.442129333869558,-0.324808517680868,0.543355680104229,0.838041468148048,0.470176522072684,0.870108206918508,0.82273992356597,0.474419373129659,0.441413346838851,0.974794709225335,0.479590087165004,-0.622999778250489,0.40978246434829,-0.557949197272517,-0.49161771698025,0.448922640353016,-0.541931288381992,0.362045503350616,-0.190742700708902,0.262534728227375,0.637106367855882,0.693515556194238,-0.803145565651788,0.718107918965917,0.84229054070742,0.846137162804391,-0.419882048828093,-0.212575577558504,-0.45140854591036,-0.395257822121422,-0.699263879329822,-0.522095748271981,-0.453593122429503,-0.489424786356547,-0.403484953684344,0.867096823192328,0.852418684654773,-0.51861439139258,0.912608094744059,0.88111597866399,0.874402663693754,-0.4830507131644,-0.383856076783272,0.791462483517435,0.505160702700092,-0.464242906331403,-0.531543701574706,0.405928637906245
"LOC100642571",0.719524680785803,0.950143909609832,0.945813873565943,0.41380419114555,0.36707091223534,-0.237989831501867,0.923141612850057,0.571733371302273,0.79540966524787,0.767537167109313,0.897961182999,0.53639281765673,0.801039370211401,-0.283571922281761,0.554418210325212,-0.334271368791441,0.821944123483847,0.930029941481435,0.163302724332185,-0.725848980453827,0.460897300464823,0.908996025244026,0.349458194902815,0.947238015313329,0.538049158189111,0.822295091013819,0.410700226522817,0.862830263408204,0.389007146058214,0.769663638065069,0.206851556075254,0.263549247726528,0.485523267847035,0.786386741016522,0.889095501261842,0.824927484266599,0.363474918242843,0.548820493604983,0.316700700213805,0.782150069206218,0.404773431877121,0.377726834366566,0.114308571805128,0.905269011311704,-0.479074083639922,0.904307404874394,-0.294370688277634,-0.287674700157116,0.505242405952434,0.916355018579302,0.216092370203659,0.444257387790424,0.371933306655251,-0.259440622034602,0.470007596078064,0.853969179597974,0.394774702792731,0.882641227684536,0.850995705533773,0.400902096498609,0.371708140850773,0.968429736246714,0.406275751396087,-0.667588480550724,0.33953580281101,-0.493813028760232,-0.418855966599997,0.379546891328713,-0.469399198307539,0.286156745084597,-0.117219369698189,0.184953098642902,0.577048140293782,0.74073971471782,-0.816101503954065,0.754355455598788,0.807083540466775,0.826839744737881,-0.345704896274807,-0.259718939063319,-0.432112379285925,-0.408042102831821,-0.684116253457599,-0.447560295590428,-0.37708133222576,-0.415194419644153,-0.3257871928971,0.832999594871436,0.874336118037662,-0.44455028017395,0.907245975218316,0.856108794591755,0.887759289728718,-0.406866779094975,-0.30607737004213,0.779002414295539,0.431126779436147,-0.522116597859037,-0.580066025735307,0.32987508956173
"LOC100642576",-0.171854816194227,0.48570953617133,0.41380419114555,0.89711991759063,0.900973309880513,-0.893030357679823,0.25786550768905,0.897496372089995,0.138355893912562,-0.129731390733063,0.323101256525722,0.900549922643183,-0.00173084215291421,-0.841102933012412,0.906164039163623,-0.911289719315325,0.137343857647512,0.341567502758348,0.882671948533932,0.0912187399475514,0.904176676090358,0.260600575850676,0.923495533297294,0.37302209615281,0.915439643939155,0.00526676645234848,0.886031510997763,0.114617042194087,0.894408728866622,-0.109675713480318,0.899084287719848,0.915512385116869,0.909313952802936,-0.0662280518522576,0.337644232095616,0.00337045822073306,0.907953118087155,0.889209232088027,0.909834317973728,-0.0945669049700521,0.889856788772742,0.88435659613999,0.874762687709239,0.20579089894422,-0.898405404828117,0.241803780844562,-0.869359358105152,-0.892471150496932,0.864821062304087,0.384980655258173,0.893537707470259,0.918172942016089,0.863278536178612,-0.769946777954849,0.933834230359432,0.170724235249321,0.925447519585827,0.216647114581404,0.0434702613190766,0.908566186493251,0.858170416726251,0.443453356476874,0.908589906762662,0.195238521966725,0.851139173568779,-0.848914631384044,-0.90785294363587,0.857863200886257,-0.925250500468731,0.887992438437183,-0.797797219757344,0.865768377046987,0.839723994492782,-0.193614965013028,-0.186325343926335,-0.0760259070033882,0.675415709478003,0.520409978370778,-0.893750661290779,0.380716687261483,-0.366182693116156,-0.0286579424247537,-0.422205562614444,-0.937208863750584,-0.929887818345822,-0.921443528245727,-0.921978093903403,0.674189934225033,0.117418062635168,-0.931211982573304,0.409292464917696,0.590244833675751,0.210222783773755,-0.938171244580263,-0.915105660854082,0.431787766340175,0.92565884345106,0.3879520645951,0.269665657662438,0.906758070147984
"LOC100642646",-0.223921423502366,0.441138097107776,0.36707091223534,0.900973309880513,0.907960424582885,-0.908042346982235,0.207297377759818,0.891214419960245,0.0919399804739345,-0.183453715614678,0.276364902535852,0.896642483685452,-0.0532622885067795,-0.851423800806877,0.901288847866076,-0.920734530437859,0.0891885657759669,0.293397137641124,0.902131629380246,0.140955380033037,0.905243455438936,0.211034218021555,0.932378677396984,0.324813382868377,0.911931049077626,-0.0473930565390854,0.889708075725682,0.0630632884493681,0.899763511903003,-0.162854099149747,0.916302579279935,0.929644910526608,0.908972662658952,-0.119006643145174,0.291971073379003,-0.0495228659273392,0.915408158797687,0.884118381507896,0.92035878624367,-0.148034925428556,0.894044003086361,0.890095107961417,0.897102208302587,0.154604086722223,-0.898108345675009,0.191900840498523,-0.879945194764269,-0.904271542634312,0.861702824563786,0.339162211713863,0.909973987500042,0.920783916186453,0.868674050223582,-0.77940360718665,0.935322022008781,0.121643845036521,0.931484982308254,0.167282705982294,-0.00973736963036044,0.913637058075314,0.863407057521304,0.396272972503991,0.913316286164437,0.244761359761497,0.858204523118991,-0.845991037918608,-0.911745942533977,0.862585718683267,-0.926486101025537,0.899738387274937,-0.81733791022872,0.883263245656113,0.831140048501675,-0.247783216562744,-0.140207649134226,-0.127078736995721,0.646474555234557,0.484939289397437,-0.901865603276971,0.410325008039479,-0.350842524108065,-0.00341071075500581,-0.392573390483312,-0.940253577393129,-0.937212890755229,-0.926032999247909,-0.932330781509843,0.643541885433977,0.0652200239482607,-0.934246610430408,0.36488435558473,0.555263207074905,0.160311494908571,-0.943863475956495,-0.926491637486339,0.396383623704866,0.929367587257487,0.434666907315676,0.316090182258273,0.91633159521325
"LOC100642686",0.355102062833753,-0.316211002292611,-0.237989831501867,-0.893030357679823,-0.908042346982235,0.929029945737418,-0.071414179434875,-0.857060496187236,0.0308230111903129,0.319755700118554,-0.149086183271028,-0.868566573298694,0.186454798515656,0.861319590892355,-0.870598904234325,0.926964567266394,0.0380511367838523,-0.162042429232677,-0.934824827628445,-0.267721618529375,-0.889955277358587,-0.0776863673027888,-0.936912993833435,-0.192731738415385,-0.884589112746423,0.183642483227567,-0.881529271652436,0.0725090452811195,-0.895756298756851,0.298150092997869,-0.942873422941237,-0.947910071584937,-0.889941592510371,0.254136185168342,-0.167150832047216,0.186338128049922,-0.916560527975985,-0.853209277902216,-0.929409167410296,0.284381279880487,-0.887109061675368,-0.887280597134465,-0.937398671598221,-0.0181607162711385,0.879409348630151,-0.0580579640447753,0.889962062096027,0.916967185334416,-0.836380380277311,-0.213021584667063,-0.934633756622023,-0.909208681981227,-0.865393458998872,0.788485734859514,-0.920530384069206,0.0086537932246166,-0.928623244579546,-0.035334219061108,0.148165565736305,-0.908613268890634,-0.859817673995406,-0.265444208234525,-0.907401389154944,-0.368898745097327,-0.859483334347294,0.82148928958251,0.90369117032899,-0.857673276589855,0.911213779709812,-0.912382663966751,0.851934535366739,-0.911214080919473,-0.792187715503659,0.383963047198318,0.0172582510600823,0.257551021979256,-0.558171000734145,-0.382848284213862,0.90500751358476,-0.479274406752966,0.303874223148454,-0.0624343075345307,0.307537052302089,0.92941978143585,0.937591457949821,0.919507604064771,0.940694674925781,-0.550849868346114,0.0720739194347492,0.923506429027432,-0.241904710558509,-0.453042789343786,-0.0270773498640429,0.939855243955827,0.93766411405952,-0.296233447539104,-0.920481067914895,-0.547698320412606,-0.43073186167049,-0.922984848984606
"LOC100642694",0.801513547681773,0.913091511591274,0.923141612850057,0.25786550768905,0.207297377759818,-0.071414179434875,0.930788501940455,0.426021910857191,0.81909268338765,0.844068938991043,0.890662580496392,0.387752917745948,0.853655616631542,-0.13055907534478,0.405809557620283,-0.17025416856326,0.847564735687368,0.92105808216628,-0.00603359516828528,-0.791807489027607,0.306592191019011,0.915162270481339,0.183942889085137,0.932974792015734,0.386481073286641,0.87487122920581,0.256820130001358,0.895752826070041,0.232003449956616,0.842244477425646,0.0370098142158126,0.0940567590908334,0.331777291120877,0.851198996713663,0.878252918160301,0.878062058789018,0.202043471127999,0.403303977286545,0.151833892547953,0.852464650512064,0.249726610235328,0.222036951894142,-0.0566115152179809,0.922368658002625,-0.32713176109858,0.914000710650692,-0.136300463749568,-0.12445473675869,0.361855802392814,0.897638312857573,0.0479845755936881,0.286012555857067,0.220163582092646,-0.119363219819751,0.310249233267423,0.874872454184687,0.2318180023097,0.896050783467818,0.897654094443577,0.241787547195499,0.220965352590582,0.941187094867732,0.247506965819522,-0.750957114262454,0.188127733709299,-0.352924298004826,-0.261058247644072,0.229378183531249,-0.311351500527486,0.123751024566703,0.0378163166118866,0.0204762520020338,0.443464148598069,0.828549984616557,-0.831352811213499,0.819075789693229,0.722013143240948,0.77466647143342,-0.186010163135877,-0.354298344896968,-0.385634777631282,-0.428820736242234,-0.642656525561354,-0.285649231432745,-0.212064791324395,-0.254386468246615,-0.159036917848057,0.749870029139611,0.907438200024466,-0.28366568929508,0.882977389706701,0.791604719856293,0.902812793796244,-0.242104447732307,-0.139442539047448,0.74177950881381,0.270498754574741,-0.635291379630539,-0.672901194105598,0.166495132521367
"LOC100642730",-0.00500813585896412,0.63764302793936,0.571733371302273,0.897496372089995,0.891214419960245,-0.857060496187236,0.426021910857191,0.93083812749666,0.291289912354127,0.043105705168332,0.479735420359755,0.92621375497213,0.165823219316812,-0.819641358592197,0.935055752536058,-0.893686893110122,0.295919729921771,0.503130723433203,0.832089271460266,-0.069211122094684,0.913716656913613,0.425538593038232,0.907894848998901,0.535162586749763,0.940020675772158,0.176590960551123,0.886823466406433,0.283917637752424,0.889863690444023,0.0616810630478415,0.856026689686432,0.882725985126176,0.92350685427094,0.104453720053416,0.49103015324254,0.17542670847594,0.896772968724265,0.918558321502792,0.888699533907069,0.0779491392260839,0.889043161963606,0.878419053226581,0.814701047449863,0.375210001862235,-0.91229751813548,0.407565911215566,-0.847442659634366,-0.866937276258801,0.887404372187812,0.539520106368018,0.852943388088347,0.922892615792492,0.858153146308878,-0.750271254065249,0.942431796989043,0.332788774471059,0.919129004193784,0.380296004004194,0.217125577635002,0.905148115744467,0.853488184018547,0.603263097523206,0.906292457182604,0.0370005562313427,0.840408861912713,-0.87063610431935,-0.908255023161238,0.854848463045235,-0.93454468511664,0.862571173587986,-0.745729940127305,0.821332014497699,0.879720558032016,-0.02024687142646,-0.338979738081655,0.0889027629989645,0.779249365021883,0.643247323563193,-0.880220187393925,0.289908853064584,-0.421337102287259,-0.111173628333054,-0.524643251944104,-0.940791912883684,-0.9194459148767,-0.919776236767258,-0.901576658539977,0.783556731589958,0.288854157128002,-0.9347415484517,0.559595338373563,0.712496530848169,0.375557681997696,-0.933158479334847,-0.891245116379837,0.553133625151662,0.926916303756713,0.24161835349625,0.12257417168008,0.88867146894781
"LOC100642771",0.747582626453726,0.778554118811749,0.79540966524787,0.138355893912562,0.0919399804739345,0.0308230111903129,0.81909268338765,0.291289912354127,0.730300343679263,0.781777597286014,0.775592117129799,0.256148501692658,0.776768954956886,-0.0285519035678203,0.27197270762761,-0.0571346441499999,0.756310350602608,0.80126260604078,-0.100167332407007,-0.730103571959147,0.181926354868224,0.804583893633794,0.0682782399106577,0.808729485748865,0.253394362154899,0.795318527465596,0.138594279449616,0.802585535804459,0.115119604269344,0.777966615185966,-0.0627705431798934,-0.0126362182809517,0.204286575333427,0.781452327331708,0.762742931029258,0.798424677576865,0.0864117442870665,0.271511975584299,0.0405335546357704,0.785643436052797,0.131730885612268,0.107131158639527,-0.145330448749508,0.817018729937496,-0.201230556111441,0.805543415238314,-0.0307440475945258,-0.0174887606595187,0.236421910550287,0.77530064458339,-0.0521916927988473,0.161703464123367,0.107687832511806,-0.0259993242023872,0.182072047965175,0.777572095023093,0.111621570510694,0.791912489676336,0.811946600684122,0.122501765630332,0.108965129900213,0.808645637310618,0.127702262087404,-0.704098899910765,0.0798464519628668,-0.230002966667006,-0.140109115349492,0.116651361242818,-0.183995517890589,0.0173289854604234,0.119976589806334,-0.0742377912240487,0.313354244533149,0.77451214770309,-0.736308194578454,0.753280317042412,0.584378717854287,0.648904695928288,-0.0733494090841834,-0.363147513824692,-0.311539696005694,-0.387030694626106,-0.539347020314856,-0.159331082906195,-0.0931754966779577,-0.132581924074162,-0.045783670742061,0.609852025081315,0.812915448241003,-0.158169871368467,0.759355613491893,0.65682294334379,0.798753087932618,-0.119614512714468,-0.0286955321088452,0.628492861955467,0.146787362791189,-0.619547177546059,-0.641073575279368,0.0542010733075151
"LOC100643532",0.900286913651094,0.7255353252644,0.767537167109313,-0.129731390733063,-0.183453715614678,0.319755700118554,0.844068938991043,0.043105705168332,0.781777597286014,0.925520588548299,0.774061281675121,0.00238918644780156,0.879021074988212,0.236040975332267,0.0184941747242051,0.226107177080517,0.811515876202593,0.797201572514832,-0.394874487844372,-0.854794626648416,-0.0827076524372219,0.826788009193193,-0.2173985190934,0.795611332169842,-0.005475705967802,0.897766887954841,-0.125924338572541,0.871100101790721,-0.155145004192282,0.914812426249857,-0.357817365316063,-0.306360048443105,-0.0590587867750648,0.90489371314345,0.754890249493315,0.901884682370569,-0.191932465164933,0.0233820920673164,-0.244417489231758,0.918674293583828,-0.134906686385575,-0.160972491685689,-0.443427435182314,0.8583364415899,0.0590348445522324,0.833869765892005,0.242576267181968,0.264940218446391,-0.00852182149912309,0.753990702751346,-0.344083972902842,-0.110043392571327,-0.15361855057382,0.216227313547719,-0.0920043229507319,0.824912250024906,-0.169003109426215,0.826479738111974,0.90438423360411,-0.151312872505296,-0.150544413569536,0.773047321309347,-0.145439058541392,-0.858569935583073,-0.181232381852563,0.0107066621224637,0.131172706486583,-0.141753838992874,0.0870906127541921,-0.263692100838036,0.390200328169352,-0.36015744626073,0.0864895627104197,0.937684218928205,-0.773268684699356,0.876158969318629,0.445416531208102,0.567841071496838,0.202174102411417,-0.532150626478721,-0.235507956783807,-0.428560879238976,-0.475268807181397,0.118799277095298,0.191280827251779,0.144021117105095,0.242354134289175,0.474616029637694,0.881888887869438,0.118199380065129,0.728202014519143,0.554517112850002,0.836265463206298,0.164022835729886,0.259487106259318,0.573029294071126,-0.129300586558526,-0.824428151194116,-0.811036861476504,-0.227979131397154
"LOC100643590",0.730535406188287,0.895251024199939,0.897961182999,0.323101256525722,0.276364902535852,-0.149086183271028,0.890662580496392,0.479735420359755,0.775592117129799,0.774061281675121,0.859326902230965,0.44437894546216,0.794825531973369,-0.199364345374261,0.461713736520509,-0.242821575787411,0.802013757791866,0.889340990002079,0.0760033770589293,-0.728952991381704,0.369131604501884,0.876363225213917,0.256698192154056,0.903347352386369,0.444571392170984,0.815230119955712,0.32110236022772,0.844788387472101,0.298765937313782,0.774216796968482,0.117606178776291,0.172251538396608,0.393060836827044,0.786573575215181,0.849114946630368,0.818026295147642,0.272117521998378,0.457812517540674,0.22553270459405,0.785131697409171,0.314850094240388,0.288554877415944,0.0281701916778222,0.878005980804132,-0.38772585126705,0.873543322910807,-0.20732406322048,-0.198429659046254,0.416957773364871,0.871545308154168,0.127313764460175,0.351260626601757,0.284861133648965,-0.182358018162585,0.37527979409029,0.830531416611662,0.301463449065221,0.854500774946981,0.839979912070604,0.309186759358701,0.285135442893403,0.91750814814201,0.314515287321562,-0.681291280374219,0.25390449543165,-0.407169216411082,-0.327067068517517,0.29294166810179,-0.375512551482504,0.19736015684965,-0.0385564960481741,0.0991281515626919,0.490636570436647,0.753701482382004,-0.791445454172574,0.755752105836862,0.734847565190403,0.76954847172985,-0.255872823707973,-0.294742562578308,-0.392992462205629,-0.401998803610841,-0.637530160854423,-0.352682559359799,-0.283478439047669,-0.322110573382033,-0.233363637730958,0.760676553762094,0.855929664721385,-0.350280799465785,0.860140158379309,0.791780345732193,0.860203976267428,-0.312219514026994,-0.214480434605063,0.730726705158491,0.337505292670374,-0.555754443581414,-0.601717572472938,0.238901840801443
"LOC100643673",-0.0444766861618735,0.603950940202089,0.53639281765673,0.900549922643183,0.896642483685452,-0.868566573298694,0.387752917745948,0.92621375497213,0.256148501692658,0.00238918644780156,0.44437894546216,0.923388640600041,0.126785570420392,-0.827585918789794,0.931498363487187,-0.900978318373373,0.259460510172636,0.466690687723919,0.846963122865755,-0.0315197100441399,0.914660280213952,0.388028897219765,0.91476261524588,0.498698214016397,0.93749993496027,0.136699564159125,0.889741400537936,0.244880524613591,0.894054205781542,0.0213796080803111,0.869205047216973,0.893569197671532,0.923384571383039,0.0644616379039726,0.456481275858124,0.135358140290397,0.902556553374386,0.914835020182398,0.89680862995374,0.0374305369115555,0.892348509349454,0.882898754084912,0.831755321862163,0.336464525747281,-0.912207107578946,0.369798422314031,-0.855592179866593,-0.876010340199047,0.885171759319308,0.504868262502789,0.865528505544804,0.925008133485157,0.862369852391163,-0.757550603493681,0.943698800206593,0.295633753113957,0.923841331244763,0.342932707434531,0.17682491681757,0.909125676859671,0.857583771018301,0.567588284569654,0.910009053523528,0.0745455906821787,0.845888724462008,-0.868548559685858,-0.911340185835295,0.858554532702428,-0.935619355969938,0.871602323148447,-0.760652441578996,0.834714899234155,0.873343664436673,-0.0613107725522607,-0.304071429637195,0.0502165544956365,0.757426348673317,0.61645466337894,-0.886501548732515,0.312395538431651,-0.409771106052406,-0.0920520085791378,-0.502258815171453,-0.943238860257991,-0.925134329582258,-0.923391044936473,-0.909557442736152,0.760440482130058,0.24932938888261,-0.937179956763241,0.526015529238062,0.686084822099675,0.337779136337515,-0.937611184742665,-0.900007633684166,0.526378096866353,0.92986455310298,0.277065083243231,0.15778324728764,0.896059721751881
"LOC100643686",0.848744184597361,0.770272471578095,0.801039370211401,-0.00173084215291421,-0.0532622885067795,0.186454798515656,0.853655616631542,0.165823219316812,0.776768954956886,0.879021074988212,0.794825531973369,0.126785570420392,0.851648574453576,0.112501331404438,0.143169395370086,0.0931732502946934,0.805449405278852,0.81980386260646,-0.260686544252602,-0.81580130654515,0.0448167409684936,0.837286137007073,-0.0830463726305788,0.822610227615905,0.121221441518854,0.870782928491605,0.000426103632949766,0.860053206254354,-0.0267347271865466,0.871415457308514,-0.222504843313165,-0.170365269436788,0.068445675169001,0.867808059770397,0.778256331005009,0.874511516918159,-0.0605146003725499,0.145563014011117,-0.111119526359799,0.877246392517964,-0.00775026723828592,-0.0337716966263654,-0.308833962603367,0.86028518748558,-0.066961145825401,0.841551284808061,0.114929413078529,0.13340863041755,0.111273069879988,0.783927187684926,-0.20996199220221,0.0202592931346826,-0.0295580727106223,0.103134167152076,0.0399061758041085,0.823045957243724,-0.0358750179743563,0.830912323366899,0.882476335113258,-0.0210641013785192,-0.0272848492123991,0.810477419134318,-0.0153683194413744,-0.805082914405342,-0.0579973817156576,-0.106957151656562,0.00164419530601049,-0.0188080806265442,-0.043481805376648,-0.132818067499345,0.267887684199076,-0.229377473285749,0.199882872039085,0.881979530744179,-0.775152822899187,0.838606071177568,0.525020642800865,0.622242006663566,0.072403105277364,-0.463103392671422,-0.278850586376169,-0.419293210815201,-0.518953834514461,-0.0144047448833765,0.0568513571417607,0.0122175742421915,0.107441401816019,0.553149401413912,0.870896113383093,-0.0141572614389574,0.762294808008471,0.618981599625846,0.83950804327249,0.0292898548959267,0.124995398162078,0.615021100730154,0.00263119157081465,-0.745358968949303,-0.748730074016758,-0.0956137669082047
"LOC100643709",0.271581744481747,-0.354975016722126,-0.283571922281761,-0.841102933012412,-0.851423800806877,0.861319590892355,-0.13055907534478,-0.819641358592197,-0.0285519035678203,0.236040975332267,-0.199364345374261,-0.827585918789794,0.112501331404438,0.803019354132062,-0.830715009162797,0.866289595583585,-0.023869309450237,-0.213420890826237,-0.861275053397297,-0.191711968570497,-0.841657101735791,-0.135253874092932,-0.876411749145888,-0.242538159682756,-0.842266584938333,0.108433583622229,-0.830428861835162,0.00454176724215039,-0.841817054491515,0.216252429530857,-0.871687464244617,-0.880297422848919,-0.843395981186955,0.175058933664815,-0.215152791451075,0.110696445813319,-0.858910233135595,-0.81451150121301,-0.867261922593454,0.202849973021743,-0.835078834217066,-0.833311277820887,-0.860130115449877,-0.0808860068323445,0.833364588838764,-0.117080195606862,0.829820444826244,0.853889182102128,-0.796116600371381,-0.25878328703715,-0.864855614664854,-0.857973129335443,-0.813006059731395,0.735104584941501,-0.870094684775979,-0.0528660467569046,-0.872099963612638,-0.0948857757622956,0.0741475499896849,-0.854348673520201,-0.807922220366665,-0.31013354785766,-0.853629353661563,-0.287815068730246,-0.805330348744892,0.781769280904319,0.851151802304257,-0.806530645448912,0.861583563641018,-0.849614362515066,0.782658840026154,-0.841354968738377,-0.761056511460798,0.296304725716526,0.0737244578574318,0.180440635377948,-0.564718274733699,-0.406772600773938,0.847145962673638,-0.417141751951621,0.30692143422789,-0.027727880906198,0.328172261145099,0.876577872597421,0.878992871053992,0.865266948521105,0.878165512310768,-0.559907167977225,0.00332802328348187,0.870989169179725,-0.284387330818108,-0.472653845952289,-0.0877450939674623,0.883168667023417,0.874009340470082,-0.324646415132343,-0.867284785891212,-0.460671333453482,-0.350239444934467,-0.862359784091204
"LOC100643792",-0.0292197153696405,0.62183670199039,0.554418210325212,0.906164039163623,0.901288847866076,-0.870598904234325,0.405809557620283,0.935055752536058,0.27197270762761,0.0184941747242051,0.461713736520509,0.931498363487187,0.143169395370086,-0.830715009162797,0.939958825626474,-0.904921316339742,0.275830460288803,0.484622572276906,0.847501243412183,-0.0466501217101102,0.921214887070802,0.405787632732606,0.91897739788393,0.516882131687539,0.945596277089579,0.153495786799436,0.895327237155362,0.262158562053703,0.899169916122588,0.0374644358504412,0.870581504169204,0.896052787242483,0.930426388234937,0.0807505274569925,0.473588649455486,0.152214202983685,0.907107244824593,0.92323482908127,0.900396990012543,0.0537227245764787,0.897801026571314,0.887815719832438,0.831316787766501,0.354320975128496,-0.919151676278259,0.387520937139837,-0.85885240456809,-0.879060319870711,0.892757941906904,0.522382789609277,0.867111503400937,0.931178102995757,0.867235244855898,-0.760412083862625,0.950345572380832,0.312552578835578,0.928976477258444,0.360292053111158,0.194086738028913,0.914439672223953,0.862460768342059,0.585982008750325,0.915432845259091,0.060276326396865,0.850130225824996,-0.875951526227564,-0.917023535549561,0.863592778709091,-0.94228092583814,0.874635477669473,-0.760517643381124,0.835749328018913,0.882477648349786,-0.0455509841394075,-0.320166495343349,0.0658816108925056,0.771785087286384,0.631709196149676,-0.890733974167893,0.305877173726595,-0.417444285991269,-0.100304045864927,-0.514906787667101,-0.949415958911005,-0.929893621113793,-0.928956404811599,-0.913293054757403,0.775332999041593,0.266833791099147,-0.943314540408365,0.543266665338999,0.701716205753714,0.355263512886735,-0.942953195690634,-0.903362058790985,0.540935739702076,0.935742295908753,0.265158684967887,0.145067331638951,0.899927211315081
"LOC100643926",0.265637306245652,-0.410600050770918,-0.334271368791441,-0.911289719315325,-0.920734530437859,0.926964567266394,-0.17025416856326,-0.893686893110122,-0.0571346441499999,0.226107177080517,-0.242821575787411,-0.900978318373373,0.0931732502946934,0.866289595583585,-0.904921316339742,0.935495766533196,-0.0530282908910115,-0.258894509398966,-0.92441268402171,-0.180208232962129,-0.913460087652982,-0.174788959842596,-0.946804828032841,-0.290538173314986,-0.916697385949851,0.0881204348995278,-0.899796945018891,-0.0240860791737845,-0.91122017093056,0.204922496166076,-0.936982453392482,-0.948069997207686,-0.916141127466074,0.160410370676895,-0.25936977026946,0.0904465265314716,-0.928601596275634,-0.887445293696126,-0.93594402097961,0.190204065409897,-0.904559496547092,-0.901766692743736,-0.921548250148013,-0.116656223700449,0.90522188904121,-0.155241348182122,0.895247101439717,0.920702700649489,-0.866357630312235,-0.306835352008672,-0.930003073011787,-0.930310504008907,-0.879907787051831,0.793018815882287,-0.944107031266426,-0.0850401880441028,-0.943723897377701,-0.130834527471999,0.050576599344519,-0.924989628965645,-0.874476037494212,-0.363369621390465,-0.924402337288032,-0.284698936047703,-0.870631857738261,0.850666523085863,0.922180747669563,-0.873254141805135,0.935005695124576,-0.916090785222908,0.838987921394015,-0.903884928940538,-0.831358036493917,0.291304106590265,0.106025300996868,0.167226428320562,-0.629588481134024,-0.461730890247581,0.915453860913652,-0.436360405621043,0.34195898160574,-0.0159020193544488,0.373082584083781,0.950271575083498,0.950484997275012,0.9371181178222,0.947882282547344,-0.625324275438054,-0.0257668901047867,0.944207781187129,-0.333848132450337,-0.533004278682855,-0.123387397051167,0.95593910835965,0.942786959292252,-0.372502351481525,-0.939805282705473,-0.474005703690043,-0.354237338945622,-0.931155443024451
"LOC100644542",0.776346136898744,0.803976080977872,0.821944123483847,0.137343857647512,0.0891885657759669,0.0380511367838523,0.847564735687368,0.295919729921771,0.756310350602608,0.811515876202593,0.802013757791866,0.259460510172636,0.805449405278852,-0.023869309450237,0.275830460288803,-0.0530282908910115,0.783287225536836,0.828505740814695,-0.109884142607177,-0.757672030035113,0.182474270413185,0.832501808584971,0.0644999251443067,0.836033682509078,0.256503173227425,0.824635873092331,0.137666665046753,0.831425313175071,0.11326846375679,0.807427459069884,-0.0712190623740385,-0.0193464425944566,0.205624715477746,0.81074550454253,0.788591155587171,0.827869596563456,0.0834086931538159,0.275468356606643,0.0358244216187648,0.815284569624948,0.130523871461617,0.105053740280957,-0.156660177662256,0.845769389802085,-0.202530303033488,0.833624939119777,-0.025949649555997,-0.0120475184539754,0.239249531794273,0.801289506293995,-0.0602119444227014,0.161409546720872,0.105774713328377,-0.0217078100877431,0.182423074291636,0.805106032753912,0.109429639596601,0.819662499425597,0.841617097650501,0.120826527916149,0.107133990342832,0.835466393781649,0.126218800228195,-0.731417010513784,0.0769885666105537,-0.232702163226734,-0.139088586291531,0.115105996952016,-0.184476076376907,0.0119123914417149,0.12984566032253,-0.0828823219325156,0.319192414005325,0.80441796662733,-0.762212781930361,0.781600556118875,0.601340331899541,0.669304955188093,-0.069961120699755,-0.379146913915289,-0.32054047653371,-0.401119603761359,-0.556373533545243,-0.158819780514797,-0.090272483091237,-0.13119089611548,-0.0411854853743273,0.627762156575271,0.842117374325647,-0.157656610602723,0.784590174951275,0.67703916765749,0.82679938180641,-0.117630805175797,-0.0235135356878101,0.648744179341642,0.145891874180863,-0.645059009029274,-0.666573172779147,0.0500173552440101
"LOC100644663",0.751916972008007,0.927900286435795,0.930029941481435,0.341567502758348,0.293397137641124,-0.162042429232677,0.92105808216628,0.503130723433203,0.80126260604078,0.797201572514832,0.889340990002079,0.466690687723919,0.81980386260646,-0.213420890826237,0.484622572276906,-0.258894509398966,0.828505740814695,0.920469878905383,0.0865655338276493,-0.751031356966306,0.389110671078325,0.906334386818884,0.273320500877862,0.935207909308713,0.46702704115007,0.840914886888143,0.339403087597636,0.872415062213535,0.316441825511869,0.797547661646138,0.129628543448791,0.186144397604246,0.413839953180158,0.810695271129174,0.878942550416042,0.843781434784116,0.289080814368292,0.480441699871793,0.241048491764838,0.80894567914734,0.332989626661938,0.30581659848305,0.0371549426550447,0.907521351236317,-0.408236206156533,0.903251780686286,-0.221892521923382,-0.212932399456627,0.43807642804794,0.902516524224147,0.139590044741589,0.370807299302903,0.301811550909224,-0.195220984799462,0.395726780192802,0.858229224520692,0.319511533631586,0.883377503808308,0.866796672605786,0.327321419673594,0.302047193170824,0.950466090960027,0.332817729960506,-0.700907802910274,0.269769048605514,-0.427832788709997,-0.34575739566162,0.310096051279706,-0.395887385362189,0.211787799627529,-0.0471552813362046,0.110260997897923,0.513839795112704,0.77561007242734,-0.818058592821905,0.778813866838978,0.764209100743933,0.798566119037961,-0.27219378773702,-0.300486311203967,-0.408740902823338,-0.414905522097036,-0.66148709960772,-0.372450188792627,-0.30100207089435,-0.340770863932549,-0.249238111018902,0.790838967806477,0.883932624840087,-0.369917380820438,0.890977812630075,0.822143663067035,0.889200570933334,-0.330723638805606,-0.229697472507252,0.75770305017136,0.356688717895361,-0.569639073060768,-0.618142716904557,0.254809557272772
"LOC100644777,LOC100648533",-0.427087667841922,0.243364009336405,0.163302724332185,0.882671948533932,0.902131629380246,-0.934824827628445,-0.00603359516828528,0.832089271460266,-0.100167332407007,-0.394874487844372,0.0760033770589293,0.846963122865755,-0.260686544252602,-0.861275053397297,0.847501243412183,-0.92441268402171,-0.109884142607177,0.0865655338276493,0.947213038607995,0.3377796700839,0.875455893871593,0.00163374581796788,0.933335201329413,0.116641691691963,0.863296351993693,-0.259624454516843,0.871112701734169,-0.148836516852078,0.887609644113589,-0.372840717960593,0.951740453254956,0.952038802424414,0.873321910872252,-0.329021262568086,0.0953422681260193,-0.262622966567479,0.91120034705632,0.830101543666678,0.928439001479657,-0.359757274250515,0.87736054741194,0.87986522501871,0.954077327150148,-0.0592550373634362,-0.863046885724292,-0.0181463244355803,-0.889798209868174,-0.918143723071113,0.816547952032771,0.140164077464658,0.94247219856976,0.896686410282119,0.857857635947596,-0.788458068755083,0.906111710673018,-0.0824120104964492,0.920909893324651,-0.0396478007010429,-0.225614575959386,0.899806366214729,0.852143496260539,0.189586907974421,0.898097614899311,0.436803760397482,0.854569233815088,-0.802219485888763,-0.893199474696872,0.849263640308205,-0.896583914816763,0.91356017864344,-0.865944851869998,0.921070589239883,0.764923733072718,-0.458591407127255,0.0525071040153855,-0.329775311306213,0.504484274473394,0.322501009773233,-0.900850221228102,0.515190734862867,-0.275272645444089,0.099326612080547,-0.257345499377409,-0.917184949301832,-0.931654938561763,-0.909778554440248,-0.9392615689021,0.49472506124075,-0.149379555678718,-0.911363424527622,0.170648448025355,0.392161696793249,-0.0485788403941856,-0.931418705085236,-0.937841981802035,0.237553901850939,0.909408030171271,0.608138687006145,0.49285180874904,0.920698831184873
"LOC100644917",-0.830003540269073,-0.689204912226662,-0.725848980453827,0.0912187399475514,0.140955380033037,-0.267721618529375,-0.791807489027607,-0.069211122094684,-0.730103571959147,-0.854794626648416,-0.728952991381704,-0.0315197100441399,-0.81580130654515,-0.191711968570497,-0.0466501217101102,-0.180208232962129,-0.757672030035113,-0.751031356966306,0.3377796700839,0.790403919932451,0.0473443531037596,-0.775857301760351,0.171728195120623,-0.750578859223855,-0.0247044454700457,-0.833427798497921,0.0880460454590251,-0.812235248950424,0.114894434990175,-0.845508490347523,0.302851319046334,0.254557009669525,0.0252276567685548,-0.837716207336469,-0.711632725147984,-0.837187999974181,0.148597765775522,-0.0506351324545681,0.197250184688962,-0.849584469333928,0.0962584851072968,0.12063025666093,0.383101121058447,-0.80335536773234,-0.0255603786061948,-0.781818575236407,-0.196858245705193,-0.216863185570394,-0.0202301798544931,-0.712338055025958,0.290285236572747,0.0722604281865908,0.11449058508865,-0.175637336386447,0.0550079955587392,-0.771191920987414,0.126746800218066,-0.774141018943325,-0.840812714245296,0.110877010118978,0.111803553671505,-0.731927921935624,0.105424496537743,0.790523339814541,0.140515172881194,0.0176847690366091,-0.0922072551768327,0.103654635965289,-0.0507266662246243,0.215850482302523,-0.336203043744153,0.306107286905755,-0.107597759299119,-0.864005568651426,0.723766916518698,-0.810727440195368,-0.435387179734394,-0.543971115748231,-0.158565595231833,0.481524295622951,0.230500056723301,0.398698434809989,0.454855390784229,-0.0797677516497701,-0.14727923840403,-0.103690210835379,-0.194939959729474,-0.462448617582645,-0.822339929678008,-0.0794060884153309,-0.689193514393349,-0.533876866203955,-0.783014539625155,-0.121710385864047,-0.21106543094994,-0.545902930120648,0.0898902888651133,0.752564330788007,0.743984110804101,0.182093126388653
